47382155 0 0 0 0 0
73086428 0 0 0 0 0
37085081 0 0 0 0 0
34957717 0 0 0 0 0
71936626 0 0 0 0 0
17080621 0 0 0 0 0
22257765 0 0 0 0 0
56721364 0 0 0 0 0
68966999 0 0 0 0 0
07712072 0 0 0 0 0
48147497 0 0 0 0 0
57082791 0 0 0 0 0
66858648 0 0 0 0 0
58531330 0 0 0 0 0
77222795 0 0 0 0 0
86592549 0 0 0 0 0
80387728 0 0 0 0 0
71952674 0 0 0 0 0
16251050 0 0 0 0 0
50578717 0 0 0 0 0
76240260 0 0 0 0 0
78276448 0 0 0 0 0
23475885 0 0 0 0 0
32036106 0 0 0 0 0
21683445 0 0 0 0 0
06617623 0 0 0 0 0
00863413 0 0 0 0 0
34831434 0 0 0 0 0
30777769 0 0 0 0 0
30073389 0 0 0 0 0
11359885 0 0 0 0 0
85838981 0 0 0 0 0
78567389 0 0 0 0 0
10260299 0 0 0 0 0
19669368 0 0 0 0 0
20526421 0 0 0 0 0
63591707 0 0 0 0 0
34522750 0 0 0 0 0
27054646 0 0 0 0 0
76930279 0 0 0 0 0
31848435 0 0 0 0 0
78497924 0 0 0 0 0
68615959 0 0 0 0 0
82278160 0 0 0 0 0
01185542 0 0 0 0 0
58608326 0 0 0 0 0
11246511 0 0 0 0 0
21849051 0 0 0 0 0
56412842 0 0 0 0 0
19701697 0 0 0 0 0
24456876 0 0 0 0 0
43498758 0 0 0 0 0
12652997 0 0 0 0 0
67245478 0 0 0 0 0
73709159 0 0 0 0 0
49942920 0 0 0 0 0
72070778 0 0 0 0 0
79602831 0 0 0 0 0
44039037 0 0 0 0 0
66295575 0 0 0 0 0
17602398 0 0 0 0 0
30644072 0 0 0 0 0
72690359 0 0 0 0 0
00246964 0 0 0 0 0
82486531 0 0 0 0 0
46966641 0 0 0 0 0
74991789 0 0 0 0 0
10977664 0 0 0 0 0
65696316 0 0 0 0 0
26635413 0 0 0 0 0
41623634 0 0 0 0 0
36478916 0 0 0 0 0
63188636 0 0 0 0 0
20280580 0 0 0 0 0
49827987 0 0 0 0 0
44830584 0 0 0 0 0
84633425 0 0 0 0 0
57658997 0 0 0 0 0
71156584 0 0 0 0 0
58195577 0 0 0 0 0
83230482 0 0 0 0 0
16289225 0 0 0 0 0
22334380 0 0 0 0 0
35317766 0 0 0 0 0
24727419 0 0 0 0 0
68178336 0 0 0 0 0
65921348 0 0 0 0 0
54879275 0 0 0 0 0
72021226 0 0 0 0 0
38471112 0 0 0 0 0
47808958 0 0 0 0 0
37430782 0 0 0 0 0
83849198 0 0 0 0 0
75404287 0 0 0 0 0
59310235 0 0 0 0 0
22748024 0 0 0 0 0
56313052 0 0 0 0 0
42022902 0 0 0 0 0
23511957 0 0 0 0 0
01923092 0 0 0 0 0
46885519 0 0 0 0 0
25806615 0 0 0 0 0
48183269 0 0 0 0 0
43152259 0 0 0 0 0
74445420 0 0 0 0 0
79681587 0 0 0 0 0
37916622 0 0 0 0 0
40749436 0 0 0 0 0
37011525 0 0 0 0 0
72255260 0 0 0 0 0
48273501 0 0 0 0 0
21013785 0 0 0 0 0
07703620 0 0 0 0 0
29876237 0 0 0 0 0
52635128 0 0 0 0 0
85895807 0 0 0 0 0
71618860 0 0 0 0 0
03426920 0 0 0 0 0
26206368 0 0 0 0 0
48140778 0 0 0 0 0
23481405 0 0 0 0 0
07949852 0 0 0 0 0
02672312 0 0 0 0 0
82170957 0 0 0 0 0
06164536 0 0 0 0 0
68858634 0 0 0 0 0
83782439 0 0 0 0 0
38165521 0 0 0 0 0
84846881 0 0 0 0 0
80158494 0 0 0 0 0
54672294 0 0 0 0 0
31758402 0 0 0 0 0
80261165 0 0 0 0 0
80821608 0 0 0 0 0
31706463 0 0 0 0 0
56391032 0 0 0 0 0
42217548 0 0 0 0 0
67165753 0 0 0 0 0
49851895 0 0 0 0 0
60343628 0 0 0 0 0
82719708 0 0 0 0 0
22827073 0 0 0 0 0
66761661 0 0 0 0 0
40093666 0 0 0 0 0
10045451 0 0 0 0 0
21362218 0 0 0 0 0
56126633 0 0 0 0 0
05024542 0 0 0 0 0
68014450 0 0 0 0 0
58422431 0 0 0 0 0
65563445 0 0 0 0 0
14741525 0 0 0 0 0
59610298 0 0 0 0 0
89450117 0 0 0 0 0
36263222 0 0 0 0 0
04518261 0 0 0 0 0
77644541 0 0 0 0 0
45966492 0 0 0 0 0
79332376 0 0 0 0 0
21955844 0 0 0 0 0
49313394 0 0 0 0 0
04534957 0 0 0 0 0
64189814 0 0 0 0 0
56119754 0 0 0 0 0
26179925 0 0 0 0 0
75808425 0 0 0 0 0
38282930 0 0 0 0 0
44148021 0 0 0 0 0
08880880 0 0 0 0 0
14793899 0 0 0 0 0
22545796 0 0 0 0 0
57322741 0 0 0 0 0
65175438 0 0 0 0 0
87440114 0 0 0 0 0
83649670 0 0 0 0 0
40824280 0 0 0 0 0
10945197 0 0 0 0 0
63860592 0 0 0 0 0
55239417 0 0 0 0 0
86128458 0 0 0 0 0
70385574 0 0 0 0 0
89918999 0 0 0 0 0
47006619 0 0 0 0 0
13573781 0 0 0 0 0
29378635 0 0 0 0 0
73556997 0 0 0 0 0
54664557 0 0 0 0 0
66980880 0 0 0 0 0
59235072 0 0 0 0 0
32782380 0 0 0 0 0
68511025 0 0 0 0 0
13274744 0 0 0 0 0
39767644 0 0 0 0 0
20391025 0 0 0 0 0
21781933 0 0 0 0 0
02448003 0 0 0 0 0
00128298 0 0 0 0 0
67542749 0 0 0 0 0
84209538 0 0 0 0 0
81010038 0 0 0 0 0
43310842 0 0 0 0 0
05900115 0 0 0 0 0
70108269 0 0 0 0 0
51114706 0 0 0 0 0
79165901 0 0 0 0 0
09352253 0 0 0 0 0
36710756 0 0 0 0 0
29891542 0 0 0 0 0
64849645 0 0 0 0 0
40592389 0 0 0 0 0
74000559 0 0 0 0 0
63687097 0 0 0 0 0
50518790 0 0 0 0 0
08528560 0 0 0 0 0
13815057 0 0 0 0 0
01187440 0 0 0 0 0
02709701 0 0 0 0 0
74496450 0 0 0 0 0
59689846 0 0 0 0 0
59833672 0 0 0 0 0
24380860 0 0 0 0 0
01151813 0 0 0 0 0
11193972 0 0 0 0 0
11859859 0 0 0 0 0
76117614 0 0 0 0 0
60300524 0 0 0 0 0
55139820 0 0 0 0 0
22721140 0 0 0 0 0
52991415 0 0 0 0 0
61621771 0 0 0 0 0
62231699 0 0 0 0 0
61137665 0 0 0 0 0
19419127 0 0 0 0 0
68496550 0 0 0 0 0
78967865 0 0 0 0 0
79546915 0 0 0 0 0
38248487 0 0 0 0 0
10711988 0 0 0 0 0
23692252 0 0 0 0 0
56489296 0 0 0 0 0
77635152 0 0 0 0 0
68054340 0 0 0 0 0
58623866 0 0 0 0 0
07493605 0 0 0 0 0
21514315 0 0 0 0 0
42797238 0 0 0 0 0
70855617 0 0 0 0 0
13268056 0 0 0 0 0
64325294 0 0 0 0 0
64915548 0 0 0 0 0
09055676 0 0 0 0 0
50416320 0 0 0 0 0
23778902 0 0 0 0 0
31535447 0 0 0 0 0
24294070 0 0 0 0 0
03086782 0 0 0 0 0
80354254 0 0 0 0 0
11670480 0 0 0 0 0
09057624 0 0 0 0 0
07763712 0 0 0 0 0
64378283 0 0 0 0 0
49050257 0 0 0 0 0
71458601 0 0 0 0 0
72913619 0 0 0 0 0
73180215 0 0 0 0 0
71144648 0 0 0 0 0
42859112 0 0 0 0 0
03997558 0 0 0 0 0
25354592 0 0 0 0 0
65813536 0 0 0 0 0
42809265 0 0 0 0 0
73848207 0 0 0 0 0
49864193 0 0 0 0 0
79762788 0 0 0 0 0
40352427 0 0 0 0 0
75433345 0 0 0 0 0
67516388 0 0 0 0 0
16356442 0 0 0 0 0
09056701 0 0 0 0 0
51954921 0 0 0 0 0
06948056 0 0 0 0 0
53522215 0 0 0 0 0
23536103 0 0 0 0 0
19180064 0 0 0 0 0
80857608 0 0 0 0 0
79214777 0 0 0 0 0
84839835 0 0 0 0 0
40114433 0 0 0 0 0
16341514 0 0 0 0 0
42793989 0 0 0 0 0
05085728 0 0 0 0 0
06948333 0 0 0 0 0
40710132 0 0 0 0 0
63083015 0 0 0 0 0
73322797 0 0 0 0 0
17451017 0 0 0 0 0
10151744 0 0 0 0 0
61174193 0 0 0 0 0
12837378 0 0 0 0 0
13464780 0 0 0 0 0
45883987 0 0 0 0 0
83806905 0 0 0 0 0
46660837 0 0 0 0 0
46728882 0 0 0 0 0
26892713 0 0 0 0 0
83575598 0 0 0 0 0
51673198 0 0 0 0 0
81273259 0 0 0 0 0
45210263 0 0 0 0 0
37178835 0 0 0 0 0
14384864 0 0 0 0 0
03035554 0 0 0 0 0
38781740 0 0 0 0 0
49065343 0 0 0 0 0
58061600 0 0 0 0 0
10384104 0 0 0 0 0
63027113 0 0 0 0 0
50922416 0 0 0 0 0
63991908 0 0 0 0 0
76657444 0 0 0 0 0
48208487 0 0 0 0 0
61519371 0 0 0 0 0
64516995 0 0 0 0 0
72981316 0 0 0 0 0
77132292 0 0 0 0 0
73352460 0 0 0 0 0
70410588 0 0 0 0 0
30928448 0 0 0 0 0
35452005 0 0 0 0 0
52968822 0 0 0 0 0
51048281 0 0 0 0 0
58505114 0 0 0 0 0
29220092 0 0 0 0 0
36185871 0 0 0 0 0
61855298 0 0 0 0 0
16799535 0 0 0 0 0
26344905 0 0 0 0 0
25527915 0 0 0 0 0
52671818 0 0 0 0 0
13065306 0 0 0 0 0
67758223 0 0 0 0 0
15336875 0 0 0 0 0
88788011 0 0 0 0 0
68505972 0 0 0 0 0
33919804 0 0 0 0 0
83416146 0 0 0 0 0
62869587 0 0 0 0 0
42505909 0 0 0 0 0
48313651 0 0 0 0 0
07791406 0 0 0 0 0
48314063 0 0 0 0 0
55711871 0 0 0 0 0
82858786 0 0 0 0 0
08433717 0 0 0 0 0
32560651 0 0 0 0 0
51094288 0 0 0 0 0
71682213 0 0 0 0 0
75467319 0 0 0 0 0
18970837 0 0 0 0 0
84767831 0 0 0 0 0
81409275 0 0 0 0 0
65261529 0 0 0 0 0
02039627 0 0 0 0 0
16211032 0 0 0 0 0
51230119 0 0 0 0 0
44783733 0 0 0 0 0
88222560 0 0 0 0 0
42682370 0 0 0 0 0
38685851 0 0 0 0 0
71966863 0 0 0 0 0
51593440 0 0 0 0 0
28145414 0 0 0 0 0
32548811 0 0 0 0 0
88475003 0 0 0 0 0
05591614 0 0 0 0 0
02461525 0 0 0 0 0
63494419 0 0 0 0 0
03575653 0 0 0 0 0
75864955 0 0 0 0 0
31077171 0 0 0 0 0
46116083 0 0 0 0 0
78138624 0 0 0 0 0
79072565 0 0 0 0 0
69125514 0 0 0 0 0
84902414 0 0 0 0 0
41099979 0 0 0 0 0
14120731 0 0 0 0 0
26262702 0 0 0 0 0
19353741 0 0 0 0 0
63313268 0 0 0 0 0
55654431 0 0 0 0 0
82079906 0 0 0 0 0
59159587 0 0 0 0 0
80683767 0 0 0 0 0
09921030 0 0 0 0 0
05975223 0 0 0 0 0
62954643 0 0 0 0 0
74585945 0 0 0 0 0
11062945 0 0 0 0 0
07797299 0 0 0 0 0
17403707 0 0 0 0 0
45704302 0 0 0 0 0
82813311 0 0 0 0 0
16685278 0 0 0 0 0
84272648 0 0 0 0 0
85246918 0 0 0 0 0
47720191 0 0 0 0 0
37687739 0 0 0 0 0
37585260 0 0 0 0 0
58382948 0 0 0 0 0
37718000 0 0 0 0 0
18505714 0 0 0 0 0
30518981 0 0 0 0 0
40285640 0 0 0 0 0
45661030 0 0 0 0 0
41797168 0 0 0 0 0
21074631 0 0 0 0 0
22334451 0 0 0 0 0
15990754 0 0 0 0 0
73010794 0 0 0 0 0
69395038 0 0 0 0 0
16765915 0 0 0 0 0
33640965 0 0 0 0 0
43902090 0 0 0 0 0
73205430 0 0 0 0 0
45006891 0 0 0 0 0
65678933 0 0 0 0 0
56996218 0 0 0 0 0
19126590 0 0 0 0 0
36897256 0 0 0 0 0
38806527 0 0 0 0 0
40623414 0 0 0 0 0
80846446 0 0 0 0 0
52233193 0 0 0 0 0
35340590 0 0 0 0 0
63146890 0 0 0 0 0
15043556 0 0 0 0 0
33788808 0 0 0 0 0
76802574 0 0 0 0 0
61806862 0 0 0 0 0
68826812 0 0 0 0 0
19963524 0 0 0 0 0
17509720 0 0 0 0 0
37117308 0 0 0 0 0
72389834 0 0 0 0 0
77993898 0 0 0 0 0
59272415 0 0 0 0 0
72857686 0 0 0 0 0
52883048 0 0 0 0 0
20816634 0 0 0 0 0
72048835 0 0 0 0 0
17100003 0 0 0 0 0
81297670 0 0 0 0 0
38984284 0 0 0 0 0
48950903 0 0 0 0 0
16744425 0 0 0 0 0
89092438 0 0 0 0 0
04128098 0 0 0 0 0
43419505 0 0 0 0 0
65635706 0 0 0 0 0
09108770 0 0 0 0 0
01007986 0 0 0 0 0
15315405 0 0 0 0 0
74229896 0 0 0 0 0
19533864 0 0 0 0 0
86839716 0 0 0 0 0
48557518 0 0 0 0 0
15821951 0 0 0 0 0
26352381 0 0 0 0 0
67837139 0 0 0 0 0
25410194 0 0 0 0 0
27857134 0 0 0 0 0
48340587 0 0 0 0 0
46159672 0 0 0 0 0
33464110 0 0 0 0 0
11852337 0 0 0 0 0
84930917 0 0 0 0 0
33233816 0 0 0 0 0
02692089 0 0 0 0 0
36502880 0 0 0 0 0
08117736 0 0 0 0 0
72247195 0 0 0 0 0
16230625 0 0 0 0 0
36684865 0 0 0 0 0
05453126 0 0 0 0 0
14747633 0 0 0 0 0
81876700 0 0 0 0 0
68097215 0 0 0 0 0
60246036 0 0 0 0 0
79242491 0 0 0 0 0
12313121 0 0 0 0 0
64030769 0 0 0 0 0
29721210 0 0 0 0 0
77850097 0 0 0 0 0
70057331 0 0 0 0 0
82898222 0 0 0 0 0
43114081 0 0 0 0 0
72312542 0 0 0 0 0
67241312 0 0 0 0 0
75201119 0 0 0 0 0
02360315 0 0 0 0 0
78195076 0 0 0 0 0
64420066 0 0 0 0 0
75128905 0 0 0 0 0
41268223 0 0 0 0 0
03237123 0 0 0 0 0
56003226 0 0 0 0 0
56174528 0 0 0 0 0
42148043 0 0 0 0 0
14496680 0 0 0 0 0
26936636 0 0 0 0 0
17035819 0 0 0 0 0
02186799 0 0 0 0 0
11698781 0 0 0 0 0
13539809 0 0 0 0 0
30392568 0 0 0 0 0
85924404 0 0 0 0 0
22016371 0 0 0 0 0
53434315 0 0 0 0 0
54108548 0 0 0 0 0
53670959 0 0 0 0 0
05641813 0 0 0 0 0
86774305 0 0 0 0 0
12106607 0 0 0 0 0
00816282 0 0 0 0 0
64893270 0 0 0 0 0
04923548 0 0 0 0 0
56779678 0 0 0 0 0
07366058 0 0 0 0 0
03817504 0 0 0 0 0
13814931 0 0 0 0 0
89777551 0 0 0 0 0
16684827 0 0 0 0 0
46762633 0 0 0 0 0
48936887 0 0 0 0 0
73980775 0 0 0 0 0
61097862 0 0 0 0 0
15505850 0 0 0 0 0
72090331 0 0 0 0 0
45104400 0 0 0 0 0
57364258 0 0 0 0 0
27132041 0 0 0 0 0
69519720 0 0 0 0 0
88020096 0 0 0 0 0
34304375 0 0 0 0 0
39473954 0 0 0 0 0
09987842 0 0 0 0 0
06028438 0 0 0 0 0
64152305 0 0 0 0 0
84837295 0 0 0 0 0
32569656 0 0 0 0 0
04443345 0 0 0 0 0
45780844 0 0 0 0 0
57486448 0 0 0 0 0
24285853 0 0 0 0 0
11983271 0 0 0 0 0
57584926 0 0 0 0 0
20559261 0 0 0 0 0
17056589 0 0 0 0 0
29595386 0 0 0 0 0
29933232 0 0 0 0 0
66180119 0 0 0 0 0
21533814 0 0 0 0 0
56279813 0 0 0 0 0
02514117 0 0 0 0 0
60640405 0 0 0 0 0
43464030 0 0 0 0 0
66452780 0 0 0 0 0
32502096 0 0 0 0 0
77555123 0 0 0 0 0
53927812 0 0 0 0 0
64487844 0 0 0 0 0
41021526 0 0 0 0 0
16963279 0 0 0 0 0
30031169 0 0 0 0 0
71133104 0 0 0 0 0
10599469 0 0 0 0 0
15999682 0 0 0 0 0
38728228 0 0 0 0 0
05490282 0 0 0 0 0
88693221 0 0 0 0 0
84322057 0 0 0 0 0
67379520 0 0 0 0 0
18344193 0 0 0 0 0
04437616 0 0 0 0 0
49692008 0 0 0 0 0
33117106 0 0 0 0 0
17547365 0 0 0 0 0
24887896 0 0 0 0 0
75417924 0 0 0 0 0
20205665 0 0 0 0 0
23500951 0 0 0 0 0
67125001 0 0 0 0 0
51736010 0 0 0 0 0
53632360 0 0 0 0 0
31064281 0 0 0 0 0
76108692 0 0 0 0 0
38901957 0 0 0 0 0
54774633 0 0 0 0 0
77158353 0 0 0 0 0
42223246 0 0 0 0 0
32053254 0 0 0 0 0
19620576 0 0 0 0 0
87428561 0 0 0 0 0
47913236 0 0 0 0 0
14213507 0 0 0 0 0
38532267 0 0 0 0 0
06896576 0 0 0 0 0
09761330 0 0 0 0 0
37184031 0 0 0 0 0
83637545 0 0 0 0 0
32725325 0 0 0 0 0
69306786 0 0 0 0 0
50231451 0 0 0 0 0
12533698 0 0 0 0 0
81486584 0 0 0 0 0
35235030 0 0 0 0 0
77415019 0 0 0 0 0
04831367 0 0 0 0 0
65647396 0 0 0 0 0
33383865 0 0 0 0 0
65455348 0 0 0 0 0
17134450 0 0 0 0 0
10449818 0 0 0 0 0
40357421 0 0 0 0 0
57603005 0 0 0 0 0
36585608 0 0 0 0 0
79484121 0 0 0 0 0
11049853 0 0 0 0 0
28253564 0 0 0 0 0
19350833 0 0 0 0 0
79252024 0 0 0 0 0
71803612 0 0 0 0 0
04576466 0 0 0 0 0
50467413 0 0 0 0 0
73342647 0 0 0 0 0
04497074 0 0 0 0 0
85308621 0 0 0 0 0
75221237 0 0 0 0 0
18077804 0 0 0 0 0
51980839 0 0 0 0 0
56668764 0 0 0 0 0
28948321 0 0 0 0 0
62630474 0 0 0 0 0
86125533 0 0 0 0 0
07373731 0 0 0 0 0
06762977 0 0 0 0 0
01439989 0 0 0 0 0
17317948 0 0 0 0 0
33833882 0 0 0 0 0
24768092 0 0 0 0 0
63598903 0 0 0 0 0
63451087 0 0 0 0 0
70378071 0 0 0 0 0
18134437 0 0 0 0 0
36146197 0 0 0 0 0
32994248 0 0 0 0 0
17049425 0 0 0 0 0
85523526 0 0 0 0 0
89633274 0 0 0 0 0
62534381 0 0 0 0 0
34514056 0 0 0 0 0
71588552 0 0 0 0 0
74806396 0 0 0 0 0
03200701 0 0 0 0 0
17254029 0 0 0 0 0
62156108 0 0 0 0 0
75786185 0 0 0 0 0
61586872 0 0 0 0 0
00719793 0 0 0 0 0
53304939 0 0 0 0 0
02187378 0 0 0 0 0
29888167 0 0 0 0 0
14932338 0 0 0 0 0
46998729 0 0 0 0 0
53841459 0 0 0 0 0
76371129 0 0 0 0 0
67777624 0 0 0 0 0
40591918 0 0 0 0 0
52540445 0 0 0 0 0
18590864 0 0 0 0 0
35254255 0 0 0 0 0
10122442 0 0 0 0 0
14575587 0 0 0 0 0
40557344 0 0 0 0 0
68343099 0 0 0 0 0
87072751 0 0 0 0 0
61103018 0 0 0 0 0
11233799 0 0 0 0 0
16223719 0 0 0 0 0
31116028 0 0 0 0 0
88636014 0 0 0 0 0
38408395 0 0 0 0 0
06059956 0 0 0 0 0
65772368 0 0 0 0 0
75808854 0 0 0 0 0
74183364 0 0 0 0 0
56635931 0 0 0 0 0
85224412 0 0 0 0 0
18306662 0 0 0 0 0
43652467 0 0 0 0 0
11520244 0 0 0 0 0
65319573 0 0 0 0 0
40933447 0 0 0 0 0
59431189 0 0 0 0 0
86028095 0 0 0 0 0
42472908 0 0 0 0 0
19635236 0 0 0 0 0
69422016 0 0 0 0 0
65671317 0 0 0 0 0
85730913 0 0 0 0 0
32862754 0 0 0 0 0
53221080 0 0 0 0 0
09313710 0 0 0 0 0
85590429 0 0 0 0 0
49337257 0 0 0 0 0
60322566 0 0 0 0 0
37914421 0 0 0 0 0
69285117 0 0 0 0 0
13553241 0 0 0 0 0
64486567 0 0 0 0 0
03093546 0 0 0 0 0
24206827 0 0 0 0 0
70305582 0 0 0 0 0
78169989 0 0 0 0 0
21501330 0 0 0 0 0
25029796 0 0 0 0 0
54402858 0 0 0 0 0
38176166 0 0 0 0 0
46889147 0 0 0 0 0
55186565 0 0 0 0 0
24834075 0 0 0 0 0
22901548 0 0 0 0 0
64133235 0 0 0 0 0
31417086 0 0 0 0 0
12756539 0 0 0 0 0
78742921 0 0 0 0 0
52619519 0 0 0 0 0
09128218 0 0 0 0 0
85237063 0 0 0 0 0
04177928 0 0 0 0 0
43938180 0 0 0 0 0
40942184 0 0 0 0 0
65469754 0 0 0 0 0
40103394 0 0 0 0 0
42390971 0 0 0 0 0
00051451 0 0 0 0 0
31970813 0 0 0 0 0
20995090 0 0 0 0 0
31954490 0 0 0 0 0
89112366 0 0 0 0 0
70417811 0 0 0 0 0
59190672 0 0 0 0 0
30662586 0 0 0 0 0
43771413 0 0 0 0 0
78129483 0 0 0 0 0
03459171 0 0 0 0 0
24109632 0 0 0 0 0
72788684 0 0 0 0 0
14317350 0 0 0 0 0
52893079 0 0 0 0 0
67929928 0 0 0 0 0
30324964 0 0 0 0 0
27509187 0 0 0 0 0
64238681 0 0 0 0 0
09118071 0 0 0 0 0
47851902 0 0 0 0 0
61523967 0 0 0 0 0
16725796 0 0 0 0 0
16516452 0 0 0 0 0
28088675 0 0 0 0 0
39561678 0 0 0 0 0
68336148 0 0 0 0 0
69823928 0 0 0 0 0
00602530 0 0 0 0 0
54150393 0 0 0 0 0
45609463 0 0 0 0 0
69359528 0 0 0 0 0
19134007 0 0 0 0 0
67920762 0 0 0 0 0
79099229 0 0 0 0 0
83948222 0 0 0 0 0
25985455 0 0 0 0 0
46088484 0 0 0 0 0
74106001 0 0 0 0 0
45341943 0 0 0 0 0
86567894 0 0 0 0 0
62803053 0 0 0 0 0
21457729 0 0 0 0 0
13749760 0 0 0 0 0
36274741 0 0 0 0 0
35822812 0 0 0 0 0
77360473 0 0 0 0 0
37096374 0 0 0 0 0
66371304 0 0 0 0 0
11986382 0 0 0 0 0
13188438 0 0 0 0 0
51611031 0 0 0 0 0
55555523 0 0 0 0 0
44391236 0 0 0 0 0
23853331 0 0 0 0 0
04402655 0 0 0 0 0
11359453 0 0 0 0 0
64591187 0 0 0 0 0
71247117 0 0 0 0 0
87003080 0 0 0 0 0
14377387 0 0 0 0 0
27613571 0 0 0 0 0
39408577 0 0 0 0 0
51216603 0 0 0 0 0
14548407 0 0 0 0 0
69489106 0 0 0 0 0
27018356 0 0 0 0 0
13480088 0 0 0 0 0
77309844 0 0 0 0 0
28171183 0 0 0 0 0
47650440 0 0 0 0 0
83816475 0 0 0 0 0
63376302 0 0 0 0 0
27135227 0 0 0 0 0
70404108 0 0 0 0 0
11967579 0 0 0 0 0
76392423 0 0 0 0 0
14131829 0 0 0 0 0
00168622 0 0 0 0 0
49059182 0 0 0 0 0
46264445 0 0 0 0 0
24713044 0 0 0 0 0
36912120 0 0 0 0 0
88873622 0 0 0 0 0
44828254 0 0 0 0 0
48969100 0 0 0 0 0
26414960 0 0 0 0 0
84586714 0 0 0 0 0
89830572 0 0 0 0 0
02612793 0 0 0 0 0
66977591 0 0 0 0 0
79119861 0 0 0 0 0
55276074 0 0 0 0 0
80106780 0 0 0 0 0
15581141 0 0 0 0 0
06250478 0 0 0 0 0
56327765 0 0 0 0 0
39748712 0 0 0 0 0
19871110 0 0 0 0 0
50024003 0 0 0 0 0
46763281 0 0 0 0 0
69874841 0 0 0 0 0
29711544 0 0 0 0 0
84095985 0 0 0 0 0
83701667 0 0 0 0 0
27428138 0 0 0 0 0
61864356 0 0 0 0 0
86205418 0 0 0 0 0
51609488 0 0 0 0 0
68379225 0 0 0 0 0
02087133 0 0 0 0 0
17487733 0 0 0 0 0
36055484 0 0 0 0 0
48594264 0 0 0 0 0
65405537 0 0 0 0 0
63993803 0 0 0 0 0
47998769 0 0 0 0 0
65277870 0 0 0 0 0
81319496 0 0 0 0 0
33913104 0 0 0 0 0
15067928 0 0 0 0 0
50944361 0 0 0 0 0
16929833 0 0 0 0 0
50290817 0 0 0 0 0
57500203 0 0 0 0 0
29603797 0 0 0 0 0
01039395 0 0 0 0 0
63741348 0 0 0 0 0
38861357 0 0 0 0 0
28727463 0 0 0 0 0
17267229 0 0 0 0 0
35898602 0 0 0 0 0
61460810 0 0 0 0 0
53025838 0 0 0 0 0
52847368 0 0 0 0 0
12831233 0 0 0 0 0
45316204 0 0 0 0 0
30265900 0 0 0 0 0
16986106 0 0 0 0 0
42774673 0 0 0 0 0
56855945 0 0 0 0 0
67446027 0 0 0 0 0
72195126 0 0 0 0 0
79558244 0 0 0 0 0
11492574 0 0 0 0 0
55756555 0 0 0 0 0
86061879 0 0 0 0 0
40713990 0 0 0 0 0
12600022 0 0 0 0 0
40577497 0 0 0 0 0
53603619 0 0 0 0 0
33415182 0 0 0 0 0
82863211 0 0 0 0 0
87517129 0 0 0 0 0
22261405 0 0 0 0 0
63619059 0 0 0 0 0
53602901 0 0 0 0 0
59066465 0 0 0 0 0
44219235 0 0 0 0 0
48324282 0 0 0 0 0
00513599 0 0 0 0 0
03805823 0 0 0 0 0
62763928 0 0 0 0 0
39482702 0 0 0 0 0
08885026 0 0 0 0 0
81082042 0 0 0 0 0
57379319 0 0 0 0 0
89444944 0 0 0 0 0
84226996 0 0 0 0 0
82677896 0 0 0 0 0
32964946 0 0 0 0 0
00427873 0 0 0 0 0
47175244 0 0 0 0 0
22793522 0 0 0 0 0
15427761 0 0 0 0 0
27332811 0 0 0 0 0
62731901 0 0 0 0 0
25273702 0 0 0 0 0
47878624 0 0 0 0 0
00300713 0 0 0 0 0
63853689 0 0 0 0 0
68983666 0 0 0 0 0
68720999 0 0 0 0 0
12727487 0 0 0 0 0
67836994 0 0 0 0 0
16209567 0 0 0 0 0
08922859 0 0 0 0 0
29480789 0 0 0 0 0
19641462 0 0 0 0 0
79473342 0 0 0 0 0
32918905 0 0 0 0 0
68486529 0 0 0 0 0
46553768 0 0 0 0 0
39388448 0 0 0 0 0
75822141 0 0 0 0 0
65994451 0 0 0 0 0
75942488 0 0 0 0 0
54691358 0 0 0 0 0
41027303 0 0 0 0 0
40232969 0 0 0 0 0
65370790 0 0 0 0 0
20218950 0 0 0 0 0
34947741 0 0 0 0 0
01707426 0 0 0 0 0
80409284 0 0 0 0 0
58061318 0 0 0 0 0
19028477 0 0 0 0 0
58483023 0 0 0 0 0
58751393 0 0 0 0 0
28762540 0 0 0 0 0
58687299 0 0 0 0 0
55511699 0 0 0 0 0
63145610 0 0 0 0 0
73549847 0 0 0 0 0
61926389 0 0 0 0 0
14121542 0 0 0 0 0
45287710 0 0 0 0 0
48905192 0 0 0 0 0
32445443 0 0 0 0 0
12865165 0 0 0 0 0
06475236 0 0 0 0 0
79737152 0 0 0 0 0
18155529 0 0 0 0 0
08062099 0 0 0 0 0
36451103 0 0 0 0 0
48929884 0 0 0 0 0
59814799 0 0 0 0 0
29296625 0 0 0 0 0
39789659 0 0 0 0 0
62193221 0 0 0 0 0
70936627 0 0 0 0 0
71695262 0 0 0 0 0
69918792 0 0 0 0 0
60795350 0 0 0 0 0
54683362 0 0 0 0 0
45351105 0 0 0 0 0
26797114 0 0 0 0 0
17518578 0 0 0 0 0
66016084 0 0 0 0 0
18179647 0 0 0 0 0
15657409 0 0 0 0 0
78323318 0 0 0 0 0
09874996 0 0 0 0 0
18090204 0 0 0 0 0
16751311 0 0 0 0 0
04696757 0 0 0 0 0
59241755 0 0 0 0 0
80266733 0 0 0 0 0
48505122 0 0 0 0 0
63097157 0 0 0 0 0
00891858 0 0 0 0 0
19123282 0 0 0 0 0
41480725 0 0 0 0 0
08023687 0 0 0 0 0
65489148 0 0 0 0 0
82623119 0 0 0 0 0
35664133 0 0 0 0 0
23672874 0 0 0 0 0
01999752 0 0 0 0 0
38604727 0 0 0 0 0
83464918 0 0 0 0 0
82094387 0 0 0 0 0
66109662 0 0 0 0 0
77603475 0 0 0 0 0
08114556 0 0 0 0 0
08129315 0 0 0 0 0
43154178 0 0 0 0 0
48847794 0 0 0 0 0
63930549 0 0 0 0 0
10304271 0 0 0 0 0
78499445 0 0 0 0 0
47497431 0 0 0 0 0
59601110 0 0 0 0 0
72513434 0 0 0 0 0
12133610 0 0 0 0 0
32207773 0 0 0 0 0
59005248 0 0 0 0 0
07514859 0 0 0 0 0
25011669 0 0 0 0 0
59230466 0 0 0 0 0
47201698 0 0 0 0 0
31475426 0 0 0 0 0
77067236 0 0 0 0 0
61207632 0 0 0 0 0
64325196 0 0 0 0 0
56808484 0 0 0 0 0
33982141 0 0 0 0 0
11708248 0 0 0 0 0
68166980 0 0 0 0 0
01217357 0 0 0 0 0
27633279 0 0 0 0 0
64537368 0 0 0 0 0
79123288 0 0 0 0 0
12696527 0 0 0 0 0
46247866 0 0 0 0 0
00371972 0 0 0 0 0
73709914 0 0 0 0 0
44121529 0 0 0 0 0
69050550 0 0 0 0 0
36274879 0 0 0 0 0
31464555 0 0 0 0 0
70357029 0 0 0 0 0
57121329 0 0 0 0 0
48774456 0 0 0 0 0
45691022 0 0 0 0 0
32868454 0 0 0 0 0
40765993 0 0 0 0 0
26622559 0 0 0 0 0
57305970 0 0 0 0 0
85192036 0 0 0 0 0
63264462 0 0 0 0 0
77983830 0 0 0 0 0
39526935 0 0 0 0 0
29677776 0 0 0 0 0
74950442 0 0 0 0 0
33520629 0 0 0 0 0
06746284 0 0 0 0 0
40114272 0 0 0 0 0
88613324 0 0 0 0 0
67658080 0 0 0 0 0
51421027 0 0 0 0 0
02101400 0 0 0 0 0
47441147 0 0 0 0 0
34677972 0 0 0 0 0
63824806 0 0 0 0 0
14914967 0 0 0 0 0
84254688 0 0 0 0 0
41252990 0 0 0 0 0
31215939 0 0 0 0 0
71772148 0 0 0 0 0
89373568 0 0 0 0 0
65801066 0 0 0 0 0
50621486 0 0 0 0 0
23342426 0 0 0 0 0
16292124 0 0 0 0 0
36718904 0 0 0 0 0
77018209 0 0 0 0 0
38687689 0 0 0 0 0
18135266 0 0 0 0 0
70597170 0 0 0 0 0
08883800 0 0 0 0 0
36503784 0 0 0 0 0
30762963 0 0 0 0 0
35141188 0 0 0 0 0
36762857 0 0 0 0 0
56638880 0 0 0 0 0
52445992 0 0 0 0 0
06776818 0 0 0 0 0
49664130 0 0 0 0 0
30462158 0 0 0 0 0
11106069 0 0 0 0 0
54088165 0 0 0 0 0
48427843 0 0 0 0 0
72067388 0 0 0 0 0
73428904 0 0 0 0 0
71254414 0 0 0 0 0
19037692 0 0 0 0 0
81975147 0 0 0 0 0
82130979 0 0 0 0 0
28783252 0 0 0 0 0
05841851 0 0 0 0 0
60848879 0 0 0 0 0
29819768 0 0 0 0 0
14450773 0 0 0 0 0
82630182 0 0 0 0 0
78069241 0 0 0 0 0
24460085 0 0 0 0 0
72789758 0 0 0 0 0
71223085 0 0 0 0 0
41959011 0 0 0 0 0
41060517 0 0 0 0 0
70137710 0 0 0 0 0
88767939 0 0 0 0 0
11791441 0 0 0 0 0
73657750 0 0 0 0 0
77530629 0 0 0 0 0
15766215 0 0 0 0 0
83066391 0 0 0 0 0
24160514 0 0 0 0 0
19936676 0 0 0 0 0
75179185 0 0 0 0 0
03278802 0 0 0 0 0
25532284 0 0 0 0 0
55318820 0 0 0 0 0
75814134 0 0 0 0 0
45480612 0 0 0 0 0
64359172 0 0 0 0 0
39545105 0 0 0 0 0
82251965 0 0 0 0 0
43015309 0 0 0 0 0
28319138 0 0 0 0 0
44583494 0 0 0 0 0
44329952 0 0 0 0 0
66689589 0 0 0 0 0
65839891 0 0 0 0 0
08395699 0 0 0 0 0
26780443 0 0 0 0 0
15000573 0 0 0 0 0
64985007 0 0 0 0 0
29647162 0 0 0 0 0
38188524 0 0 0 0 0
14435798 0 0 0 0 0
18751933 0 0 0 0 0
12236790 0 0 0 0 0
29043941 0 0 0 0 0
15181658 0 0 0 0 0
32041907 0 0 0 0 0
31870953 0 0 0 0 0
01434416 0 0 0 0 0
71949787 0 0 0 0 0
38153292 0 0 0 0 0
83453765 0 0 0 0 0
31969465 0 0 0 0 0
26297984 0 0 0 0 0
10400767 0 0 0 0 0
85539411 0 0 0 0 0
59490770 0 0 0 0 0
12880910 0 0 0 0 0
86185196 0 0 0 0 0
68408794 0 0 0 0 0
58636647 0 0 0 0 0
57278168 0 0 0 0 0
42628148 0 0 0 0 0
53516196 0 0 0 0 0
28371057 0 0 0 0 0
02500393 0 0 0 0 0
03655323 0 0 0 0 0
26731961 0 0 0 0 0
42936647 0 0 0 0 0
54978156 0 0 0 0 0
51141407 0 0 0 0 0
70512987 0 0 0 0 0
50236514 0 0 0 0 0
76044979 0 0 0 0 0
74873628 0 0 0 0 0
58065120 0 0 0 0 0
13888857 0 0 0 0 0
04200582 0 0 0 0 0
82032480 0 0 0 0 0
72643603 0 0 0 0 0
07322967 0 0 0 0 0
13695546 0 0 0 0 0
18558933 0 0 0 0 0
69631666 0 0 0 0 0
03804068 0 0 0 0 0
14654205 0 0 0 0 0
21705205 0 0 0 0 0
62174494 0 0 0 0 0
63602694 0 0 0 0 0
34971410 0 0 0 0 0
05817358 0 0 0 0 0
14836314 0 0 0 0 0
63978368 0 0 0 0 0
34374790 0 0 0 0 0
37035618 0 0 0 0 0
75636762 0 0 0 0 0
89195772 0 0 0 0 0
20069949 0 0 0 0 0
50760469 0 0 0 0 0
23131202 0 0 0 0 0
89919773 0 0 0 0 0
57149089 0 0 0 0 0
01267310 0 0 0 0 0
88738338 0 0 0 0 0
87468234 0 0 0 0 0
37358504 0 0 0 0 0
16454136 0 0 0 0 0
38158375 0 0 0 0 0
65733406 0 0 0 0 0
65501771 0 0 0 0 0
23842203 0 0 0 0 0
16707993 0 0 0 0 0
31949103 0 0 0 0 0
77923881 0 0 0 0 0
28691372 0 0 0 0 0
16409596 0 0 0 0 0
11872175 0 0 0 0 0
08414897 0 0 0 0 0
28036566 0 0 0 0 0
31556341 0 0 0 0 0
65696957 0 0 0 0 0
87988027 0 0 0 0 0
84177150 0 0 0 0 0
79502315 0 0 0 0 0
48529472 0 0 0 0 0
48666574 0 0 0 0 0
11189514 0 0 0 0 0
20046537 0 0 0 0 0
39497899 0 0 0 0 0
77645304 0 0 0 0 0
11406874 0 0 0 0 0
02010286 0 0 0 0 0
07881639 0 0 0 0 0
81969750 0 0 0 0 0
77741672 0 0 0 0 0
18018519 0 0 0 0 0
51170225 0 0 0 0 0
73169803 0 0 0 0 0
01267945 0 0 0 0 0
79097997 0 0 0 0 0
50970123 0 0 0 0 0
79475606 0 0 0 0 0
02243490 0 0 0 0 0
21258115 0 0 0 0 0
29846731 0 0 0 0 0
48264551 0 0 0 0 0
32469410 0 0 0 0 0
40430809 0 0 0 0 0
78185806 0 0 0 0 0
48556348 0 0 0 0 0
66838413 0 0 0 0 0
81519680 0 0 0 0 0
70864410 0 0 0 0 0
29411809 0 0 0 0 0
63421171 0 0 0 0 0
09822363 0 0 0 0 0
83880743 0 0 0 0 0
27579698 0 0 0 0 0
15970629 0 0 0 0 0
61298508 0 0 0 0 0
83332460 0 0 0 0 0
89996060 0 0 0 0 0
58364560 0 0 0 0 0
85874086 0 0 0 0 0
22722333 0 0 0 0 0
81913062 0 0 0 0 0
48151092 0 0 0 0 0
21232443 0 0 0 0 0
53129291 0 0 0 0 0
70513520 0 0 0 0 0
62949599 0 0 0 0 0
32655381 0 0 0 0 0
17207231 0 0 0 0 0
07707974 0 0 0 0 0
14766543 0 0 0 0 0
01450879 0 0 0 0 0
61747981 0 0 0 0 0
63423562 0 0 0 0 0
80965352 0 0 0 0 0
02062335 0 0 0 0 0
54967784 0 0 0 0 0
26570563 0 0 0 0 0
72961227 0 0 0 0 0
60138456 0 0 0 0 0
51779591 0 0 0 0 0
53014898 0 0 0 0 0
02860213 0 0 0 0 0
65118195 0 0 0 0 0
33906130 0 0 0 0 0
49788283 0 0 0 0 0
85111177 0 0 0 0 0
82363317 0 0 0 0 0
72198724 0 0 0 0 0
55599931 0 0 0 0 0
75272063 0 0 0 0 0
80626229 0 0 0 0 0
10563735 0 0 0 0 0
71444654 0 0 0 0 0
79955567 0 0 0 0 0
20063798 0 0 0 0 0
14173613 0 0 0 0 0
81166402 0 0 0 0 0
74894084 0 0 0 0 0
18990230 0 0 0 0 0
68197506 0 0 0 0 0
82655709 0 0 0 0 0
80712977 0 0 0 0 0
60444240 0 0 0 0 0
70146745 0 0 0 0 0
52204505 0 0 0 0 0
44148700 0 0 0 0 0
42784654 0 0 0 0 0
37490885 0 0 0 0 0
25386446 0 0 0 0 0
45070964 0 0 0 0 0
75141373 0 0 0 0 0
65460864 0 0 0 0 0
19078742 0 0 0 0 0
57002862 0 0 0 0 0
73838156 0 0 0 0 0
89316451 0 0 0 0 0
55449448 0 0 0 0 0
31272627 0 0 0 0 0
65212362 0 0 0 0 0
63093824 0 0 0 0 0
40344753 0 0 0 0 0
05840620 0 0 0 0 0
34042437 0 0 0 0 0
09145455 0 0 0 0 0
21431459 0 0 0 0 0
32540442 0 0 0 0 0
89525339 0 0 0 0 0
23509516 0 0 0 0 0
00559501 0 0 0 0 0
60163037 0 0 0 0 0
31916557 0 0 0 0 0
47512243 0 0 0 0 0
13730318 0 0 0 0 0
05881353 0 0 0 0 0
64403320 0 0 0 0 0
44381812 0 0 0 0 0
38704493 0 0 0 0 0
80201774 0 0 0 0 0
76584247 0 0 0 0 0
44531823 0 0 0 0 0
56256221 0 0 0 0 0
26174177 0 0 0 0 0
39221656 0 0 0 0 0
33330204 0 0 0 0 0
15881401 0 0 0 0 0
78631345 0 0 0 0 0
48889609 0 0 0 0 0
76125107 0 0 0 0 0
46377155 0 0 0 0 0
69963806 0 0 0 0 0
78488802 0 0 0 0 0
19319505 0 0 0 0 0
67099994 0 0 0 0 0
31853266 0 0 0 0 0
23678613 0 0 0 0 0
44249585 0 0 0 0 0
72118091 0 0 0 0 0
11688523 0 0 0 0 0
81003902 0 0 0 0 0
75873230 0 0 0 0 0
34651331 0 0 0 0 0
40329746 0 0 0 0 0
41710464 0 0 0 0 0
87440003 0 0 0 0 0
60658194 0 0 0 0 0
84384401 0 0 0 0 0
14595671 0 0 0 0 0
73006224 0 0 0 0 0
62268543 0 0 0 0 0
26887915 0 0 0 0 0
43602541 0 0 0 0 0
47449302 0 0 0 0 0
87649104 0 0 0 0 0
69424308 0 0 0 0 0
25171767 0 0 0 0 0
57226968 0 0 0 0 0
46461145 0 0 0 0 0
83508663 0 0 0 0 0
86405339 0 0 0 0 0
86396618 0 0 0 0 0
01168049 0 0 0 0 0
18411166 0 0 0 0 0
26242099 0 0 0 0 0
37452785 0 0 0 0 0
79532660 0 0 0 0 0
44741935 0 0 0 0 0
78454176 0 0 0 0 0
47111941 0 0 0 0 0
89037241 0 0 0 0 0
12248588 0 0 0 0 0
30013146 0 0 0 0 0
00641745 0 0 0 0 0
32094412 0 0 0 0 0
06496160 0 0 0 0 0
12500357 0 0 0 0 0
26050127 0 0 0 0 0
31018829 0 0 0 0 0
28210081 0 0 0 0 0
00909771 0 0 0 0 0
88558572 0 0 0 0 0
73666185 0 0 0 0 0
66152962 0 0 0 0 0
43920113 0 0 0 0 0
14487644 0 0 0 0 0
88081525 0 0 0 0 0
68183266 0 0 0 0 0
76165317 0 0 0 0 0
56649225 0 0 0 0 0
65385612 0 0 0 0 0
50843857 0 0 0 0 0
35811736 0 0 0 0 0
14244508 0 0 0 0 0
24757396 0 0 0 0 0
12258872 0 0 0 0 0
41150852 0 0 0 0 0
87394712 0 0 0 0 0
13636573 0 0 0 0 0
30808085 0 0 0 0 0
13073125 0 0 0 0 0
63042574 0 0 0 0 0
39080397 0 0 0 0 0
30773712 0 0 0 0 0
50231187 0 0 0 0 0
27578730 0 0 0 0 0
53952407 0 0 0 0 0
63942645 0 0 0 0 0
34536550 0 0 0 0 0
49434313 0 0 0 0 0
44757289 0 0 0 0 0
43241488 0 0 0 0 0
88436498 0 0 0 0 0
33601701 0 0 0 0 0
06472022 0 0 0 0 0
23891468 0 0 0 0 0
67170941 0 0 0 0 0
11172461 0 0 0 0 0
38804360 0 0 0 0 0
58355124 0 0 0 0 0
46960899 0 0 0 0 0
38438304 0 0 0 0 0
13639653 0 0 0 0 0
77195068 0 0 0 0 0
48207361 0 0 0 0 0
28067946 0 0 0 0 0
86902331 0 0 0 0 0
76777216 0 0 0 0 0
02359069 0 0 0 0 0
34971844 0 0 0 0 0
76873363 0 0 0 0 0
00667968 0 0 0 0 0
55745412 0 0 0 0 0
06206915 0 0 0 0 0
43619483 0 0 0 0 0
58099090 0 0 0 0 0
80129346 0 0 0 0 0
35163041 0 0 0 0 0
23721585 0 0 0 0 0
46586531 0 0 0 0 0
67626636 0 0 0 0 0
37797686 0 0 0 0 0
50008809 0 0 0 0 0
81513437 0 0 0 0 0
10475626 0 0 0 0 0
30212579 0 0 0 0 0
11479474 0 0 0 0 0
60764195 0 0 0 0 0
58744784 0 0 0 0 0
01689947 0 0 0 0 0
38576707 0 0 0 0 0
15278393 0 0 0 0 0
70557245 0 0 0 0 0
63918435 0 0 0 0 0
30168855 0 0 0 0 0
40373641 0 0 0 0 0
05661053 0 0 0 0 0
84091041 0 0 0 0 0
26670388 0 0 0 0 0
70175756 0 0 0 0 0
69578949 0 0 0 0 0
45265245 0 0 0 0 0
29017763 0 0 0 0 0
02045020 0 0 0 0 0
04415933 0 0 0 0 0
88442152 0 0 0 0 0
20534219 0 0 0 0 0
43480611 0 0 0 0 0
56537602 0 0 0 0 0
72470457 0 0 0 0 0
66323314 0 0 0 0 0
08006447 0 0 0 0 0
16538037 0 0 0 0 0
60844448 0 0 0 0 0
48333043 0 0 0 0 0
54101966 0 0 0 0 0
64964723 0 0 0 0 0
82699387 0 0 0 0 0
03418902 0 0 0 0 0
43168344 0 0 0 0 0
70368908 0 0 0 0 0
10454769 0 0 0 0 0
27215605 0 0 0 0 0
33323834 0 0 0 0 0
86076523 0 0 0 0 0
33268076 0 0 0 0 0
63594345 0 0 0 0 0
71876033 0 0 0 0 0
27585124 0 0 0 0 0
06649098 0 0 0 0 0
60255649 0 0 0 0 0
76310831 0 0 0 0 0
12031474 0 0 0 0 0
59761701 0 0 0 0 0
65804736 0 0 0 0 0
59450548 0 0 0 0 0
16798460 0 0 0 0 0
80853996 0 0 0 0 0
69318688 0 0 0 0 0
65821749 0 0 0 0 0
75220726 0 0 0 0 0
75437067 0 0 0 0 0
79176893 0 0 0 0 0
57974113 0 0 0 0 0
55603635 0 0 0 0 0
22154530 0 0 0 0 0
82992372 0 0 0 0 0
39058510 0 0 0 0 0
35198364 0 0 0 0 0
32375672 0 0 0 0 0
58067227 0 0 0 0 0
15918838 0 0 0 0 0
47544007 0 0 0 0 0
24335023 0 0 0 0 0
33168423 0 0 0 0 0
05382363 0 0 0 0 0
67415053 0 0 0 0 0
13366392 0 0 0 0 0
55466594 0 0 0 0 0
60815155 0 0 0 0 0
84131240 0 0 0 0 0
49802887 0 0 0 0 0
37072027 0 0 0 0 0
41172391 0 0 0 0 0
19592548 0 0 0 0 0
87902450 0 0 0 0 0
74961729 0 0 0 0 0
56940538 0 0 0 0 0
75916783 0 0 0 0 0
72404586 0 0 0 0 0
40440815 0 0 0 0 0
68990335 0 0 0 0 0
65036394 0 0 0 0 0
39423368 0 0 0 0 0
21433959 0 0 0 0 0
58654265 0 0 0 0 0
48385064 0 0 0 0 0
37724797 0 0 0 0 0
18116786 0 0 0 0 0
20834327 0 0 0 0 0
40169721 0 0 0 0 0
88346162 0 0 0 0 0
17500213 0 0 0 0 0
73477594 0 0 0 0 0
77420050 0 0 0 0 0
78275892 0 0 0 0 0
25938570 0 0 0 0 0
38542961 0 0 0 0 0
69716641 0 0 0 0 0
29550197 0 0 0 0 0
49106515 0 0 0 0 0
75710327 0 0 0 0 0
00084168 0 0 0 0 0
33416927 0 0 0 0 0
55229010 0 0 0 0 0
81782337 0 0 0 0 0
29886204 0 0 0 0 0
16603479 0 0 0 0 0
26574839 0 0 0 0 0
72279608 0 0 0 0 0
25837299 0 0 0 0 0
78692115 0 0 0 0 0
38993209 0 0 0 0 0
84328496 0 0 0 0 0
70663195 0 0 0 0 0
31840536 0 0 0 0 0
29655913 0 0 0 0 0
74680483 0 0 0 0 0
37354111 0 0 0 0 0
50404159 0 0 0 0 0
16248897 0 0 0 0 0
84136365 0 0 0 0 0
83427478 0 0 0 0 0
83299654 0 0 0 0 0
34983683 0 0 0 0 0
04931161 0 0 0 0 0
39883294 0 0 0 0 0
59734706 0 0 0 0 0
37981698 0 0 0 0 0
71242563 0 0 0 0 0
47220419 0 0 0 0 0
61897017 0 0 0 0 0
62299152 0 0 0 0 0
82060540 0 0 0 0 0
83608769 0 0 0 0 0
14178551 0 0 0 0 0
53089142 0 0 0 0 0
23064309 0 0 0 0 0
83067676 0 0 0 0 0
72346162 0 0 0 0 0
08448960 0 0 0 0 0
66173808 0 0 0 0 0
61417668 0 0 0 0 0
10449138 0 0 0 0 0
13293163 0 0 0 0 0
59958076 0 0 0 0 0
11318761 0 0 0 0 0
19916839 0 0 0 0 0
34054325 0 0 0 0 0
10934207 0 0 0 0 0
37848359 0 0 0 0 0
87534673 0 0 0 0 0
14112337 0 0 0 0 0
42529895 0 0 0 0 0
78361352 0 0 0 0 0
36718387 0 0 0 0 0
75190106 0 0 0 0 0
89530439 0 0 0 0 0
68140643 0 0 0 0 0
10493408 0 0 0 0 0
48104198 0 0 0 0 0
85117100 0 0 0 0 0
23115252 0 0 0 0 0
32795673 0 0 0 0 0
04194880 0 0 0 0 0
29542017 0 0 0 0 0
10048079 0 0 0 0 0
76051507 0 0 0 0 0
57182420 0 0 0 0 0
56140625 0 0 0 0 0
55651533 0 0 0 0 0
21120781 0 0 0 0 0
63164698 0 0 0 0 0
21662368 0 0 0 0 0
44996640 0 0 0 0 0
49279423 0 0 0 0 0
43851824 0 0 0 0 0
38374767 0 0 0 0 0
76897592 0 0 0 0 0
24108636 0 0 0 0 0
64283439 0 0 0 0 0
04901757 0 0 0 0 0
88177448 0 0 0 0 0
02914157 0 0 0 0 0
54163771 0 0 0 0 0
44598027 0 0 0 0 0
55639010 0 0 0 0 0
04909981 0 0 0 0 0
51382757 0 0 0 0 0
02292975 0 0 0 0 0
62947147 0 0 0 0 0
13320197 0 0 0 0 0
61896742 0 0 0 0 0
47281825 0 0 0 0 0
86857453 0 0 0 0 0
54975019 0 0 0 0 0
51647396 0 0 0 0 0
89426190 0 0 0 0 0
45503579 0 0 0 0 0
06995049 0 0 0 0 0
31859320 0 0 0 0 0
49950091 0 0 0 0 0
35570274 0 0 0 0 0
27673639 0 0 0 0 0
87761682 0 0 0 0 0
58833482 0 0 0 0 0
25079424 0 0 0 0 0
56567381 0 0 0 0 0
75358425 0 0 0 0 0
18713201 0 0 0 0 0
06611745 0 0 0 0 0
74744575 0 0 0 0 0
62313472 0 0 0 0 0
42951290 0 0 0 0 0
40918696 0 0 0 0 0
05368310 0 0 0 0 0
38828527 0 0 0 0 0
57568127 0 0 0 0 0
50710618 0 0 0 0 0
70968306 0 0 0 0 0
61834250 0 0 0 0 0
20603337 0 0 0 0 0
34089494 0 0 0 0 0
23763132 0 0 0 0 0
73674331 0 0 0 0 0
32416625 0 0 0 0 0
70649755 0 0 0 0 0
42789680 0 0 0 0 0
31250891 0 0 0 0 0
39194757 0 0 0 0 0
54466780 0 0 0 0 0
22163864 0 0 0 0 0
74001374 0 0 0 0 0
15606487 0 0 0 0 0
24683124 0 0 0 0 0
43059039 0 0 0 0 0
20666765 0 0 0 0 0
73265688 0 0 0 0 0
62555046 0 0 0 0 0
01235657 0 0 0 0 0
51484000 0 0 0 0 0
03747839 0 0 0 0 0
67970742 0 0 0 0 0
16507952 0 0 0 0 0
47877241 0 0 0 0 0
06375377 0 0 0 0 0
57164603 0 0 0 0 0
42446708 0 0 0 0 0
04088625 0 0 0 0 0
71768725 0 0 0 0 0
28294195 0 0 0 0 0
01329319 0 0 0 0 0
51452063 0 0 0 0 0
28278377 0 0 0 0 0
88936835 0 0 0 0 0
70013553 0 0 0 0 0
05609010 0 0 0 0 0
17601317 0 0 0 0 0
73068341 0 0 0 0 0
38375996 0 0 0 0 0
43898363 0 0 0 0 0
47582923 0 0 0 0 0
72561224 0 0 0 0 0
69883630 0 0 0 0 0
25654746 0 0 0 0 0
75998149 0 0 0 0 0
17874872 0 0 0 0 0
86025784 0 0 0 0 0
76325701 0 0 0 0 0
32283956 0 0 0 0 0
21117827 0 0 0 0 0
28411440 0 0 0 0 0
19654102 0 0 0 0 0
31422543 0 0 0 0 0
45264918 0 0 0 0 0
55940146 0 0 0 0 0
09040334 0 0 0 0 0
63154121 0 0 0 0 0
76451367 0 0 0 0 0
54449450 0 0 0 0 0
39758009 0 0 0 0 0
40292046 0 0 0 0 0
73758658 0 0 0 0 0
61736495 0 0 0 0 0
40259353 0 0 0 0 0
24315437 0 0 0 0 0
69302383 0 0 0 0 0
02879281 0 0 0 0 0
63367845 0 0 0 0 0
49202083 0 0 0 0 0
81128690 0 0 0 0 0
87358979 0 0 0 0 0
11591251 0 0 0 0 0
57766245 0 0 0 0 0
71545463 0 0 0 0 0
16916564 0 0 0 0 0
29435307 0 0 0 0 0
18551891 0 0 0 0 0
39847750 0 0 0 0 0
71598965 0 0 0 0 0
28571272 0 0 0 0 0
54172583 0 0 0 0 0
63298494 0 0 0 0 0
40184956 0 0 0 0 0
23352666 0 0 0 0 0
17109271 0 0 0 0 0
82577626 0 0 0 0 0
29522049 0 0 0 0 0
23234884 0 0 0 0 0
61800587 0 0 0 0 0
36167033 0 0 0 0 0
68218244 0 0 0 0 0
31959888 0 0 0 0 0
78163304 0 0 0 0 0
82114110 0 0 0 0 0
22352183 0 0 0 0 0
23923736 0 0 0 0 0
13947708 0 0 0 0 0
87858650 0 0 0 0 0
07532963 0 0 0 0 0
35741724 0 0 0 0 0
71921206 0 0 0 0 0
83560722 0 0 0 0 0
02019181 0 0 0 0 0
30159387 0 0 0 0 0
38071226 0 0 0 0 0
53031104 0 0 0 0 0
02691942 0 0 0 0 0
58912507 0 0 0 0 0
77560485 0 0 0 0 0
63877876 0 0 0 0 0
17804214 0 0 0 0 0
66519625 0 0 0 0 0
29254494 0 0 0 0 0
32936085 0 0 0 0 0
35452949 0 0 0 0 0
53123317 0 0 0 0 0
52694860 0 0 0 0 0
05138796 0 0 0 0 0
32151973 0 0 0 0 0
17188635 0 0 0 0 0
29205453 0 0 0 0 0
88614399 0 0 0 0 0
27812307 0 0 0 0 0
83234168 0 0 0 0 0
60816373 0 0 0 0 0
27415924 0 0 0 0 0
74858355 0 0 0 0 0
69576298 0 0 0 0 0
47459576 0 0 0 0 0
28091297 0 0 0 0 0
19326618 0 0 0 0 0
83974119 0 0 0 0 0
39325656 0 0 0 0 0
77349390 0 0 0 0 0
56682547 0 0 0 0 0
39589979 0 0 0 0 0
17869720 0 0 0 0 0
88733861 0 0 0 0 0
12452954 0 0 0 0 0
25972795 0 0 0 0 0
13783445 0 0 0 0 0
05527563 0 0 0 0 0
13652669 0 0 0 0 0
84801887 0 0 0 0 0
46091142 0 0 0 0 0
44935749 0 0 0 0 0
20120758 0 0 0 0 0
47281897 0 0 0 0 0
67872482 0 0 0 0 0
48904672 0 0 0 0 0
15048662 0 0 0 0 0
46861271 0 0 0 0 0
75061687 0 0 0 0 0
71586697 0 0 0 0 0
14377063 0 0 0 0 0
15805168 0 0 0 0 0
78587139 0 0 0 0 0
80363700 0 0 0 0 0
23414187 0 0 0 0 0
32108784 0 0 0 0 0
15781509 0 0 0 0 0
05589659 0 0 0 0 0
68835228 0 0 0 0 0
42634948 0 0 0 0 0
00162387 0 0 0 0 0
55722751 0 0 0 0 0
10973073 0 0 0 0 0
43397165 0 0 0 0 0
37942416 0 0 0 0 0
06077372 0 0 0 0 0
29321569 0 0 0 0 0
03038947 0 0 0 0 0
66593455 0 0 0 0 0
15506516 0 0 0 0 0
22572773 0 0 0 0 0
17930334 0 0 0 0 0
07806449 0 0 0 0 0
78670236 0 0 0 0 0
78505076 0 0 0 0 0
31753756 0 0 0 0 0
43593356 0 0 0 0 0
88924042 0 0 0 0 0
20694040 0 0 0 0 0
80651419 0 0 0 0 0
57892024 0 0 0 0 0
39518360 0 0 0 0 0
41499683 0 0 0 0 0
09644244 0 0 0 0 0
22810549 0 0 0 0 0
71587649 0 0 0 0 0
18698588 0 0 0 0 0
34581734 0 0 0 0 0
60297376 0 0 0 0 0
44219717 0 0 0 0 0
36671386 0 0 0 0 0
64307871 0 0 0 0 0
83699311 0 0 0 0 0
63889162 0 0 0 0 0
59876633 0 0 0 0 0
65467775 0 0 0 0 0
80652359 0 0 0 0 0
83780251 0 0 0 0 0
67050486 0 0 0 0 0
28750980 0 0 0 0 0
82772423 0 0 0 0 0
33347446 0 0 0 0 0
28770598 0 0 0 0 0
13324591 0 0 0 0 0
86408235 0 0 0 0 0
06707588 0 0 0 0 0
59825781 0 0 0 0 0
49359924 0 0 0 0 0
80099415 0 0 0 0 0
30365804 0 0 0 0 0
43784283 0 0 0 0 0
47562331 0 0 0 0 0
70019413 0 0 0 0 0
28279896 0 0 0 0 0
77909076 0 0 0 0 0
07866193 0 0 0 0 0
75354031 0 0 0 0 0
10834521 0 0 0 0 0
64544550 0 0 0 0 0
26680583 0 0 0 0 0
80521559 0 0 0 0 0
54286816 0 0 0 0 0
60012938 0 0 0 0 0
18849231 0 0 0 0 0
89231610 0 0 0 0 0
24901474 0 0 0 0 0
65116070 0 0 0 0 0
16003612 0 0 0 0 0
39432002 0 0 0 0 0
34906676 0 0 0 0 0
66989840 0 0 0 0 0
66899392 0 0 0 0 0
82951993 0 0 0 0 0
26929264 0 0 0 0 0
00782116 0 0 0 0 0
67641201 0 0 0 0 0
45716620 0 0 0 0 0
87563740 0 0 0 0 0
03491729 0 0 0 0 0
34137520 0 0 0 0 0
22408903 0 0 0 0 0
79225870 0 0 0 0 0
78110078 0 0 0 0 0
21974629 0 0 0 0 0
37715426 0 0 0 0 0
75280777 0 0 0 0 0
27727635 0 0 0 0 0
19781411 0 0 0 0 0
04653832 0 0 0 0 0
58986746 0 0 0 0 0
78274286 0 0 0 0 0
75888273 0 0 0 0 0
86955181 0 0 0 0 0
25022624 0 0 0 0 0
09013007 0 0 0 0 0
28526253 0 0 0 0 0
65192329 0 0 0 0 0
41125913 0 0 0 0 0
57099282 0 0 0 0 0
74227848 0 0 0 0 0
74236020 0 0 0 0 0
01454173 0 0 0 0 0
76708988 0 0 0 0 0
38957489 0 0 0 0 0
76662072 0 0 0 0 0
75784102 0 0 0 0 0
39788624 0 0 0 0 0
12498448 0 0 0 0 0
57337884 0 0 0 0 0
19012531 0 0 0 0 0
55683508 0 0 0 0 0
02414944 0 0 0 0 0
65373183 0 0 0 0 0
74790440 0 0 0 0 0
07115025 0 0 0 0 0
47972487 0 0 0 0 0
74053576 0 0 0 0 0
50104513 0 0 0 0 0
69512462 0 0 0 0 0
12440097 0 0 0 0 0
19967376 0 0 0 0 0
89946063 0 0 0 0 0
40381209 0 0 0 0 0
24797668 0 0 0 0 0
28276746 0 0 0 0 0
74206276 0 0 0 0 0
32929806 0 0 0 0 0
67863523 0 0 0 0 0
33396995 0 0 0 0 0
49423403 0 0 0 0 0
45619088 0 0 0 0 0
75035793 0 0 0 0 0
60991000 0 0 0 0 0
33891791 0 0 0 0 0
41359957 0 0 0 0 0
68599720 0 0 0 0 0
23545818 0 0 0 0 0
67876938 0 0 0 0 0
41850221 0 0 0 0 0
08661283 0 0 0 0 0
82388347 0 0 0 0 0
31084291 0 0 0 0 0
32181046 0 0 0 0 0
27859113 0 0 0 0 0
72953539 0 0 0 0 0
13092882 0 0 0 0 0
51934498 0 0 0 0 0
28261899 0 0 0 0 0
07305738 0 0 0 0 0
28923751 0 0 0 0 0
09926002 0 0 0 0 0
20002851 0 0 0 0 0
10236912 0 0 0 0 0
30080900 0 0 0 0 0
11180563 0 0 0 0 0
25150830 0 0 0 0 0
60157568 0 0 0 0 0
49227639 0 0 0 0 0
85024410 0 0 0 0 0
32657633 0 0 0 0 0
25141141 0 0 0 0 0
24270526 0 0 0 0 0
38470864 0 0 0 0 0
82339633 0 0 0 0 0
73538598 0 0 0 0 0
62143732 0 0 0 0 0
19739393 0 0 0 0 0
08501037 0 0 0 0 0
52689707 0 0 0 0 0
62398270 0 0 0 0 0
68497156 0 0 0 0 0
51215653 0 0 0 0 0
72179148 0 0 0 0 0
26483023 0 0 0 0 0
74781181 0 0 0 0 0
20902705 0 0 0 0 0
11654631 0 0 0 0 0
52677716 0 0 0 0 0
84497409 0 0 0 0 0
43756924 0 0 0 0 0
04015821 0 0 0 0 0
84973950 0 0 0 0 0
67488665 0 0 0 0 0
67806884 0 0 0 0 0
22228809 0 0 0 0 0
85586381 0 0 0 0 0
09216538 0 0 0 0 0
17153859 0 0 0 0 0
37604210 0 0 0 0 0
53581419 0 0 0 0 0
35330230 0 0 0 0 0
78018219 0 0 0 0 0
39049092 0 0 0 0 0
67266690 0 0 0 0 0
66480849 0 0 0 0 0
82777536 0 0 0 0 0
75619897 0 0 0 0 0
09308530 0 0 0 0 0
40970707 0 0 0 0 0
40814782 0 0 0 0 0
17690865 0 0 0 0 0
06829963 0 0 0 0 0
89526120 0 0 0 0 0
05547881 0 0 0 0 0
16368506 0 0 0 0 0
77036764 0 0 0 0 0
42581769 0 0 0 0 0
27453430 0 0 0 0 0
16375584 0 0 0 0 0
10016844 0 0 0 0 0
88703887 0 0 0 0 0
29404369 0 0 0 0 0
86435230 0 0 0 0 0
25900641 0 0 0 0 0
33334436 0 0 0 0 0
64004144 0 0 0 0 0
50751385 0 0 0 0 0
23440706 0 0 0 0 0
10628399 0 0 0 0 0
78892926 0 0 0 0 0
33205759 0 0 0 0 0
10674109 0 0 0 0 0
43664319 0 0 0 0 0
22606920 0 0 0 0 0
14404208 0 0 0 0 0
25099665 0 0 0 0 0
53576484 0 0 0 0 0
86078361 0 0 0 0 0
86666585 0 0 0 0 0
21365148 0 0 0 0 0
27167666 0 0 0 0 0
72563262 0 0 0 0 0
41033690 0 0 0 0 0
18837617 0 0 0 0 0
78173026 0 0 0 0 0
02223211 0 0 0 0 0
14441264 0 0 0 0 0
27470214 0 0 0 0 0
61540800 0 0 0 0 0
30253415 0 0 0 0 0
32055520 0 0 0 0 0
77204227 0 0 0 0 0
04330314 0 0 0 0 0
00663701 0 0 0 0 0
86533020 0 0 0 0 0
57551679 0 0 0 0 0
11208966 0 0 0 0 0
73312441 0 0 0 0 0
33645708 0 0 0 0 0
00278387 0 0 0 0 0
77006077 0 0 0 0 0
37526382 0 0 0 0 0
32365175 0 0 0 0 0
53962703 0 0 0 0 0
09258592 0 0 0 0 0
62631263 0 0 0 0 0
86643828 0 0 0 0 0
60981138 0 0 0 0 0
76838990 0 0 0 0 0
39278944 0 0 0 0 0
48192090 0 0 0 0 0
40321860 0 0 0 0 0
04350340 0 0 0 0 0
83111164 0 0 0 0 0
27077283 0 0 0 0 0
26340200 0 0 0 0 0
21411338 0 0 0 0 0
67577254 0 0 0 0 0
85625159 0 0 0 0 0
79643816 0 0 0 0 0
54447281 0 0 0 0 0
68627624 0 0 0 0 0
32844233 0 0 0 0 0
12496056 0 0 0 0 0
11260240 0 0 0 0 0
83398848 0 0 0 0 0
41991406 0 0 0 0 0
65822495 0 0 0 0 0
54816496 0 0 0 0 0
46612201 0 0 0 0 0
25196372 0 0 0 0 0
72432303 0 0 0 0 0
45800910 0 0 0 0 0
14527350 0 0 0 0 0
24137287 0 0 0 0 0
02535890 0 0 0 0 0
88724137 0 0 0 0 0
87515833 0 0 0 0 0
43403802 0 0 0 0 0
60543253 0 0 0 0 0
68677920 0 0 0 0 0
13190738 0 0 0 0 0
38064231 0 0 0 0 0
32387024 0 0 0 0 0
67417040 0 0 0 0 0
25746035 0 0 0 0 0
25655944 0 0 0 0 0
08865870 0 0 0 0 0
21002402 0 0 0 0 0
50768918 0 0 0 0 0
04819436 0 0 0 0 0
30222301 0 0 0 0 0
01683233 0 0 0 0 0
74393475 0 0 0 0 0
69535230 0 0 0 0 0
31848907 0 0 0 0 0
29657569 0 0 0 0 0
54808748 0 0 0 0 0
51058290 0 0 0 0 0
89611815 0 0 0 0 0
68791238 0 0 0 0 0
40388656 0 0 0 0 0
00389037 0 0 0 0 0
09785620 0 0 0 0 0
34254617 0 0 0 0 0
53264629 0 0 0 0 0
23966044 0 0 0 0 0
43253735 0 0 0 0 0
45552350 0 0 0 0 0
38831089 0 0 0 0 0
67605911 0 0 0 0 0
36715900 0 0 0 0 0
38052983 0 0 0 0 0
09687625 0 0 0 0 0
53346710 0 0 0 0 0
88877321 0 0 0 0 0
44089795 0 0 0 0 0
61996178 0 0 0 0 0
41484153 0 0 0 0 0
86901748 0 0 0 0 0
10797865 0 0 0 0 0
78418897 0 0 0 0 0
50600254 0 0 0 0 0
14853844 0 0 0 0 0
17522207 0 0 0 0 0
58022273 0 0 0 0 0
65995212 0 0 0 0 0
10296964 0 0 0 0 0
64120015 0 0 0 0 0
59391855 0 0 0 0 0
86828241 0 0 0 0 0
13936320 0 0 0 0 0
04485457 0 0 0 0 0
86140709 0 0 0 0 0
73345565 0 0 0 0 0
47596502 0 0 0 0 0
54269525 0 0 0 0 0
00978766 0 0 0 0 0
16556761 0 0 0 0 0
50723592 0 0 0 0 0
22172738 0 0 0 0 0
32858874 0 0 0 0 0
09404687 0 0 0 0 0
35427269 0 0 0 0 0
64955355 0 0 0 0 0
39477348 0 0 0 0 0
55761752 0 0 0 0 0
47084374 0 0 0 0 0
28288672 0 0 0 0 0
27581277 0 0 0 0 0
00077492 0 0 0 0 0
49462061 0 0 0 0 0
44318720 0 0 0 0 0
41007439 0 0 0 0 0
70799312 0 0 0 0 0
79317850 0 0 0 0 0
89660663 0 0 0 0 0
35063867 0 0 0 0 0
32626538 0 0 0 0 0
71601307 0 0 0 0 0
78421421 0 0 0 0 0
14621018 0 0 0 0 0
62918126 0 0 0 0 0
45305644 0 0 0 0 0
02991299 0 0 0 0 0
02653498 0 0 0 0 0
74034834 0 0 0 0 0
70037335 0 0 0 0 0
41937796 0 0 0 0 0
21499343 0 0 0 0 0
81266966 0 0 0 0 0
22015589 0 0 0 0 0
64274877 0 0 0 0 0
51696433 0 0 0 0 0
24292164 0 0 0 0 0
25283157 0 0 0 0 0
06335505 0 0 0 0 0
85053842 0 0 0 0 0
33252329 0 0 0 0 0
24628890 0 0 0 0 0
36823800 0 0 0 0 0
07803200 0 0 0 0 0
70899885 0 0 0 0 0
05661758 0 0 0 0 0
39476529 0 0 0 0 0
72766897 0 0 0 0 0
05398467 0 0 0 0 0
88848953 0 0 0 0 0
31167335 0 0 0 0 0
23645652 0 0 0 0 0
43175841 0 0 0 0 0
57797617 0 0 0 0 0
01003398 0 0 0 0 0
32153310 0 0 0 0 0
24946045 0 0 0 0 0
46934700 0 0 0 0 0
20055281 0 0 0 0 0
01324630 0 0 0 0 0
77104434 0 0 0 0 0
85967274 0 0 0 0 0
06758315 0 0 0 0 0
67225816 0 0 0 0 0
84382412 0 0 0 0 0
83199890 0 0 0 0 0
77660426 0 0 0 0 0
17773114 0 0 0 0 0
24374859 0 0 0 0 0
60438452 0 0 0 0 0
74677550 0 0 0 0 0
71693276 0 0 0 0 0
53291165 0 0 0 0 0
75882380 0 0 0 0 0
83654584 0 0 0 0 0
03211384 0 0 0 0 0
74409351 0 0 0 0 0
69412732 0 0 0 0 0
85391869 0 0 0 0 0
39320354 0 0 0 0 0
42679614 0 0 0 0 0
27657603 0 0 0 0 0
40356078 0 0 0 0 0
82912296 0 0 0 0 0
52897354 0 0 0 0 0
21248054 0 0 0 0 0
10463943 0 0 0 0 0
48604549 0 0 0 0 0
11039935 0 0 0 0 0
20143144 0 0 0 0 0
46785814 0 0 0 0 0
34490243 0 0 0 0 0
54956417 0 0 0 0 0
49767745 0 0 0 0 0
68206869 0 0 0 0 0
75538982 0 0 0 0 0
44139740 0 0 0 0 0
88075710 0 0 0 0 0
84250185 0 0 0 0 0
71272270 0 0 0 0 0
29648959 0 0 0 0 0
43444959 0 0 0 0 0
00358683 0 0 0 0 0
86694015 0 0 0 0 0
89857990 0 0 0 0 0
64225124 0 0 0 0 0
16342999 0 0 0 0 0
59532418 0 0 0 0 0
31777051 0 0 0 0 0
73842414 0 0 0 0 0
45518734 0 0 0 0 0
24002748 0 0 0 0 0
18169236 0 0 0 0 0
66791778 0 0 0 0 0
55795872 0 0 0 0 0
76456705 0 0 0 0 0
42962760 0 0 0 0 0
31196847 0 0 0 0 0
06038106 0 0 0 0 0
47813116 0 0 0 0 0
68718331 0 0 0 0 0
25669439 0 0 0 0 0
68024150 0 0 0 0 0
50999538 0 0 0 0 0
03930959 0 0 0 0 0
81214835 0 0 0 0 0
17938521 0 0 0 0 0
45490186 0 0 0 0 0
30271694 0 0 0 0 0
78941802 0 0 0 0 0
42917405 0 0 0 0 0
28642285 0 0 0 0 0
09198284 0 0 0 0 0
17575470 0 0 0 0 0
73370602 0 0 0 0 0
63352697 0 0 0 0 0
66017840 0 0 0 0 0
82363416 0 0 0 0 0
08158872 0 0 0 0 0
27933359 0 0 0 0 0
73657975 0 0 0 0 0
47338749 0 0 0 0 0
12274566 0 0 0 0 0
63756291 0 0 0 0 0
66127631 0 0 0 0 0
61255502 0 0 0 0 0
79347385 0 0 0 0 0
13379663 0 0 0 0 0
13075264 0 0 0 0 0
21009284 0 0 0 0 0
17160930 0 0 0 0 0
30018726 0 0 0 0 0
09244564 0 0 0 0 0
67339890 0 0 0 0 0
51319019 0 0 0 0 0
68344299 0 0 0 0 0
03224632 0 0 0 0 0
72541132 0 0 0 0 0
76755499 0 0 0 0 0
45707639 0 0 0 0 0
63086573 0 0 0 0 0
34072034 0 0 0 0 0
01826354 0 0 0 0 0
20194425 0 0 0 0 0
13538859 0 0 0 0 0
32584786 0 0 0 0 0
39902425 0 0 0 0 0
78791582 0 0 0 0 0
79535288 0 0 0 0 0
45994659 0 0 0 0 0
60685937 0 0 0 0 0
77753378 0 0 0 0 0
34935194 0 0 0 0 0
14936028 0 0 0 0 0
44022027 0 0 0 0 0
61145376 0 0 0 0 0
57024638 0 0 0 0 0
69501224 0 0 0 0 0
59237517 0 0 0 0 0
12685067 0 0 0 0 0
81430001 0 0 0 0 0
29215364 0 0 0 0 0
42440042 0 0 0 0 0
86764564 0 0 0 0 0
39292071 0 0 0 0 0
30211967 0 0 0 0 0
10963573 0 0 0 0 0
80390821 0 0 0 0 0
81352952 0 0 0 0 0
03877693 0 0 0 0 0
84707429 0 0 0 0 0
08011501 0 0 0 0 0
42901203 0 0 0 0 0
20498960 0 0 0 0 0
85648756 0 0 0 0 0
84449629 0 0 0 0 0
79600467 0 0 0 0 0
79079921 0 0 0 0 0
52303623 0 0 0 0 0
80097231 0 0 0 0 0
70762516 0 0 0 0 0
49105958 0 0 0 0 0
66924458 0 0 0 0 0
67065638 0 0 0 0 0
22014379 0 0 0 0 0
47243189 0 0 0 0 0
79016350 0 0 0 0 0
05481126 0 0 0 0 0
57467634 0 0 0 0 0
38154325 0 0 0 0 0
78785281 0 0 0 0 0
15380403 0 0 0 0 0
13380831 0 0 0 0 0
27629478 0 0 0 0 0
61094448 0 0 0 0 0
77055872 0 0 0 0 0
70398697 0 0 0 0 0
09635779 0 0 0 0 0
54400280 0 0 0 0 0
79008406 0 0 0 0 0
79897765 0 0 0 0 0
11953946 0 0 0 0 0
88870806 0 0 0 0 0
13263808 0 0 0 0 0
70819440 0 0 0 0 0
64220790 0 0 0 0 0
63849053 0 0 0 0 0
15964103 0 0 0 0 0
25709702 0 0 0 0 0
49546410 0 0 0 0 0
14607738 0 0 0 0 0
63818905 0 0 0 0 0
09894617 0 0 0 0 0
18510876 0 0 0 0 0
17425063 0 0 0 0 0
00225041 0 0 0 0 0
20439669 0 0 0 0 0
27264520 0 0 0 0 0
78382868 0 0 0 0 0
80582040 0 0 0 0 0
71710545 0 0 0 0 0
19326591 0 0 0 0 0
12589640 0 0 0 0 0
63375333 0 0 0 0 0
02667706 0 0 0 0 0
44376373 0 0 0 0 0
52926401 0 0 0 0 0
06792659 0 0 0 0 0
16407490 0 0 0 0 0
11757187 0 0 0 0 0
72047300 0 0 0 0 0
38196599 0 0 0 0 0
27774312 0 0 0 0 0
85493521 0 0 0 0 0
25162507 0 0 0 0 0
55866900 0 0 0 0 0
48789545 0 0 0 0 0
73943745 0 0 0 0 0
48276145 0 0 0 0 0
07093835 0 0 0 0 0
58417209 0 0 0 0 0
60333029 0 0 0 0 0
66266108 0 0 0 0 0
38536877 0 0 0 0 0
05612746 0 0 0 0 0
53529089 0 0 0 0 0
81630640 0 0 0 0 0
45542042 0 0 0 0 0
69247358 0 0 0 0 0
38202648 0 0 0 0 0
10418790 0 0 0 0 0
76390291 0 0 0 0 0
59138266 0 0 0 0 0
70606377 0 0 0 0 0
52476185 0 0 0 0 0
02012403 0 0 0 0 0
48667273 0 0 0 0 0
80545979 0 0 0 0 0
69962558 0 0 0 0 0
51767118 0 0 0 0 0
55453717 0 0 0 0 0
34854152 0 0 0 0 0
53292844 0 0 0 0 0
63253783 0 0 0 0 0
64739814 0 0 0 0 0
85306069 0 0 0 0 0
54935076 0 0 0 0 0
65816389 0 0 0 0 0
87704765 0 0 0 0 0
66463829 0 0 0 0 0
41243028 0 0 0 0 0
52795752 0 0 0 0 0
64443002 0 0 0 0 0
57159863 0 0 0 0 0
87543004 0 0 0 0 0
15152932 0 0 0 0 0
16432209 0 0 0 0 0
29521015 0 0 0 0 0
00097162 0 0 0 0 0
32073298 0 0 0 0 0
22658829 0 0 0 0 0
02760424 0 0 0 0 0
78586377 0 0 0 0 0
41006231 0 0 0 0 0
03139065 0 0 0 0 0
30061581 0 0 0 0 0
35076522 0 0 0 0 0
56358338 0 0 0 0 0
07506940 0 0 0 0 0
78578158 0 0 0 0 0
38062825 0 0 0 0 0
69726591 0 0 0 0 0
60498393 0 0 0 0 0
45177625 0 0 0 0 0
67368036 0 0 0 0 0
81887763 0 0 0 0 0
15714892 0 0 0 0 0
11027351 0 0 0 0 0
58637453 0 0 0 0 0
70981765 0 0 0 0 0
50247068 0 0 0 0 0
22225431 0 0 0 0 0
69099139 0 0 0 0 0
60486288 0 0 0 0 0
00685890 0 0 0 0 0
10879470 0 0 0 0 0
43198173 0 0 0 0 0
59592273 0 0 0 0 0
15940666 0 0 0 0 0
73280875 0 0 0 0 0
42858000 0 0 0 0 0
65237101 0 0 0 0 0
19562690 0 0 0 0 0
61730998 0 0 0 0 0
37128431 0 0 0 0 0
72580933 0 0 0 0 0
18531394 0 0 0 0 0
18888384 0 0 0 0 0
13840793 0 0 0 0 0
38200246 0 0 0 0 0
56077852 0 0 0 0 0
59236552 0 0 0 0 0
08210847 0 0 0 0 0
25467086 0 0 0 0 0
31045842 0 0 0 0 0
11471085 0 0 0 0 0
77477590 0 0 0 0 0
02664757 0 0 0 0 0
03609990 0 0 0 0 0
68854742 0 0 0 0 0
15216860 0 0 0 0 0
25354278 0 0 0 0 0
21853803 0 0 0 0 0
64027888 0 0 0 0 0
52602936 0 0 0 0 0
19458355 0 0 0 0 0
81501870 0 0 0 0 0
89696297 0 0 0 0 0
22567477 0 0 0 0 0
86851060 0 0 0 0 0
61482966 0 0 0 0 0
87573386 0 0 0 0 0
01433856 0 0 0 0 0
57390017 0 0 0 0 0
51584777 0 0 0 0 0
61216859 0 0 0 0 0
71170311 0 0 0 0 0
26087772 0 0 0 0 0
87395560 0 0 0 0 0
60424549 0 0 0 0 0
48883534 0 0 0 0 0
60145880 0 0 0 0 0
57269739 0 0 0 0 0
13486921 0 0 0 0 0
75406550 0 0 0 0 0
63362860 0 0 0 0 0
16271329 0 0 0 0 0
37940214 0 0 0 0 0
44973747 0 0 0 0 0
14432402 0 0 0 0 0
74985927 0 0 0 0 0
83905652 0 0 0 0 0
59214887 0 0 0 0 0
41217438 0 0 0 0 0
14575006 0 0 0 0 0
64912008 0 0 0 0 0
13011733 0 0 0 0 0
76562360 0 0 0 0 0
61335379 0 0 0 0 0
81458241 0 0 0 0 0
19481249 0 0 0 0 0
23782536 0 0 0 0 0
46495022 0 0 0 0 0
63927128 0 0 0 0 0
54804902 0 0 0 0 0
30347269 0 0 0 0 0
15168512 0 0 0 0 0
06596873 0 0 0 0 0
83262867 0 0 0 0 0
28709556 0 0 0 0 0
85117326 0 0 0 0 0
63103442 0 0 0 0 0
86439662 0 0 0 0 0
71084914 0 0 0 0 0
86899294 0 0 0 0 0
05763594 0 0 0 0 0
79752981 0 0 0 0 0
09280906 0 0 0 0 0
78188757 0 0 0 0 0
86398164 0 0 0 0 0
81389745 0 0 0 0 0
29260451 0 0 0 0 0
88989943 0 0 0 0 0
03327474 0 0 0 0 0
31207263 0 0 0 0 0
17198281 0 0 0 0 0
09939354 0 0 0 0 0
89015138 0 0 0 0 0
49275302 0 0 0 0 0
79679522 0 0 0 0 0
41009922 0 0 0 0 0
34260188 0 0 0 0 0
25742373 0 0 0 0 0
58343946 0 0 0 0 0
44771673 0 0 0 0 0
59337108 0 0 0 0 0
59199751 0 0 0 0 0
78769245 0 0 0 0 0
84472926 0 0 0 0 0
39586316 0 0 0 0 0
72023520 0 0 0 0 0
68046397 0 0 0 0 0
12013340 0 0 0 0 0
39764749 0 0 0 0 0
59885207 0 0 0 0 0
84260874 0 0 0 0 0
02295957 0 0 0 0 0
67465589 0 0 0 0 0
53605254 0 0 0 0 0
51478514 0 0 0 0 0
27138048 0 0 0 0 0
36885536 0 0 0 0 0
57992873 0 0 0 0 0
38425774 0 0 0 0 0
07887215 0 0 0 0 0
54331223 0 0 0 0 0
68985866 0 0 0 0 0
31452840 0 0 0 0 0
25793898 0 0 0 0 0
28155509 0 0 0 0 0
35560603 0 0 0 0 0
30257298 0 0 0 0 0
83868212 0 0 0 0 0
61988569 0 0 0 0 0
11214309 0 0 0 0 0
85992125 0 0 0 0 0
10100195 0 0 0 0 0
52898991 0 0 0 0 0
89995046 0 0 0 0 0
77715771 0 0 0 0 0
53022730 0 0 0 0 0
82660575 0 0 0 0 0
32888456 0 0 0 0 0
40839052 0 0 0 0 0
80926062 0 0 0 0 0
24710698 0 0 0 0 0
37230613 0 0 0 0 0
82013353 0 0 0 0 0
40581802 0 0 0 0 0
35571555 0 0 0 0 0
75252079 0 0 0 0 0
27515489 0 0 0 0 0
18399514 0 0 0 0 0
58453478 0 0 0 0 0
82232988 0 0 0 0 0
44155222 0 0 0 0 0
31372011 0 0 0 0 0
28824375 0 0 0 0 0
27647454 0 0 0 0 0
88509493 0 0 0 0 0
17371037 0 0 0 0 0
62317934 0 0 0 0 0
35379073 0 0 0 0 0
03081514 0 0 0 0 0
45189880 0 0 0 0 0
64010129 0 0 0 0 0
89575842 0 0 0 0 0
72530107 0 0 0 0 0
40409307 0 0 0 0 0
17633411 0 0 0 0 0
52667032 0 0 0 0 0
11441221 0 0 0 0 0
51219889 0 0 0 0 0
38829492 0 0 0 0 0
73514064 0 0 0 0 0
72661326 0 0 0 0 0
55612919 0 0 0 0 0
44002108 0 0 0 0 0
76922923 0 0 0 0 0
51071456 0 0 0 0 0
00326675 0 0 0 0 0
54513988 0 0 0 0 0
89297193 0 0 0 0 0
73304484 0 0 0 0 0
45946120 0 0 0 0 0
29639797 0 0 0 0 0
73610807 0 0 0 0 0
65731981 0 0 0 0 0
05668017 0 0 0 0 0
69635074 0 0 0 0 0
23071195 0 0 0 0 0
48576444 0 0 0 0 0
31847773 0 0 0 0 0
10635893 0 0 0 0 0
63313336 0 0 0 0 0
36458273 0 0 0 0 0
64601960 0 0 0 0 0
89980563 0 0 0 0 0
22797826 0 0 0 0 0
04372263 0 0 0 0 0
49648237 0 0 0 0 0
16297222 0 0 0 0 0
56395166 0 0 0 0 0
55716812 0 0 0 0 0
54773941 0 0 0 0 0
02367077 0 0 0 0 0
86074676 0 0 0 0 0
01523297 0 0 0 0 0
21769101 0 0 0 0 0
32177863 0 0 0 0 0
35354771 0 0 0 0 0
36378369 0 0 0 0 0
37404510 0 0 0 0 0
79597913 0 0 0 0 0
09024062 0 0 0 0 0
25845448 0 0 0 0 0
66460489 0 0 0 0 0
00889929 0 0 0 0 0
07928038 0 0 0 0 0
24201133 0 0 0 0 0
33411447 0 0 0 0 0
70860377 0 0 0 0 0
01269380 0 0 0 0 0
01898976 0 0 0 0 0
24233483 0 0 0 0 0
23396011 0 0 0 0 0
81572044 0 0 0 0 0
01397203 0 0 0 0 0
50194828 0 0 0 0 0
71070283 0 0 0 0 0
83202503 0 0 0 0 0
59932220 0 0 0 0 0
05737748 0 0 0 0 0
15260524 0 0 0 0 0
29769996 0 0 0 0 0
61881165 0 0 0 0 0
55611380 0 0 0 0 0
80412312 0 0 0 0 0
11637241 0 0 0 0 0
19939530 0 0 0 0 0
36188113 0 0 0 0 0
04163293 0 0 0 0 0
86316024 0 0 0 0 0
32950104 0 0 0 0 0
09183149 0 0 0 0 0
10976251 0 0 0 0 0
63123677 0 0 0 0 0
60424315 0 0 0 0 0
27222011 0 0 0 0 0
02006694 0 0 0 0 0
07925398 0 0 0 0 0
33008412 0 0 0 0 0
11992722 0 0 0 0 0
86702042 0 0 0 0 0
06985113 0 0 0 0 0
45378954 0 0 0 0 0
76279268 0 0 0 0 0
59620986 0 0 0 0 0
64864410 0 0 0 0 0
28616400 0 0 0 0 0
12360270 0 0 0 0 0
78180346 0 0 0 0 0
00865613 0 0 0 0 0
53069874 0 0 0 0 0
72507225 0 0 0 0 0
64053714 0 0 0 0 0
19125436 0 0 0 0 0
54614780 0 0 0 0 0
19116599 0 0 0 0 0
37623403 0 0 0 0 0
49384187 0 0 0 0 0
54252375 0 0 0 0 0
26010083 0 0 0 0 0
41798617 0 0 0 0 0
11467980 0 0 0 0 0
05444064 0 0 0 0 0
75170570 0 0 0 0 0
40097177 0 0 0 0 0
08302880 0 0 0 0 0
53945234 0 0 0 0 0
07223700 0 0 0 0 0
20581087 0 0 0 0 0
04516757 0 0 0 0 0
39583612 0 0 0 0 0
04249827 0 0 0 0 0
03394209 0 0 0 0 0
82132259 0 0 0 0 0
33202645 0 0 0 0 0
20281666 0 0 0 0 0
84092829 0 0 0 0 0
52505754 0 0 0 0 0
68265540 0 0 0 0 0
16988548 0 0 0 0 0
32994137 0 0 0 0 0
05350371 0 0 0 0 0
17053901 0 0 0 0 0
39630208 0 0 0 0 0
39959248 0 0 0 0 0
74882189 0 0 0 0 0
10917760 0 0 0 0 0
75971622 0 0 0 0 0
61071954 0 0 0 0 0
77966872 0 0 0 0 0
76783558 0 0 0 0 0
50931892 0 0 0 0 0
44635135 0 0 0 0 0
66511087 0 0 0 0 0
70331258 0 0 0 0 0
55818693 0 0 0 0 0
06101193 0 0 0 0 0
11000151 0 0 0 0 0
75793293 0 0 0 0 0
65336212 0 0 0 0 0
38076085 0 0 0 0 0
35233835 0 0 0 0 0
10948686 0 0 0 0 0
58141429 0 0 0 0 0
84812329 0 0 0 0 0
27554165 0 0 0 0 0
22039942 0 0 0 0 0
39022064 0 0 0 0 0
15552394 0 0 0 0 0
80123982 0 0 0 0 0
58819953 0 0 0 0 0
26882633 0 0 0 0 0
46873575 0 0 0 0 0
75226792 0 0 0 0 0
47771341 0 0 0 0 0
06754630 0 0 0 0 0
37707868 0 0 0 0 0
27124298 0 0 0 0 0
83768402 0 0 0 0 0
81068934 0 0 0 0 0
19925614 0 0 0 0 0
15462508 0 0 0 0 0
01722426 0 0 0 0 0
48951081 0 0 0 0 0
85408903 0 0 0 0 0
57088105 0 0 0 0 0
57235638 0 0 0 0 0
21604550 0 0 0 0 0
09637383 0 0 0 0 0
31742529 0 0 0 0 0
69456947 0 0 0 0 0
49138292 0 0 0 0 0
87841784 0 0 0 0 0
40197167 0 0 0 0 0
55785510 0 0 0 0 0
45757513 0 0 0 0 0
53787743 0 0 0 0 0
83957394 0 0 0 0 0
14614488 0 0 0 0 0
53937999 0 0 0 0 0
33694663 0 0 0 0 0
29834365 0 0 0 0 0
25455152 0 0 0 0 0
35581373 0 0 0 0 0
07537550 0 0 0 0 0
34430959 0 0 0 0 0
81389280 0 0 0 0 0
52920455 0 0 0 0 0
26434581 0 0 0 0 0
74906701 0 0 0 0 0
56325937 0 0 0 0 0
22871297 0 0 0 0 0
36039222 0 0 0 0 0
33556286 0 0 0 0 0
12905027 0 0 0 0 0
50840930 0 0 0 0 0
71050372 0 0 0 0 0
24522647 0 0 0 0 0
66728113 0 0 0 0 0
35401144 0 0 0 0 0
60888005 0 0 0 0 0
25905258 0 0 0 0 0
70200768 0 0 0 0 0
86819302 0 0 0 0 0
04523080 0 0 0 0 0
00288563 0 0 0 0 0
61524297 0 0 0 0 0
84080263 0 0 0 0 0
47046453 0 0 0 0 0
56270972 0 0 0 0 0
62510724 0 0 0 0 0
09082699 0 0 0 0 0
64774007 0 0 0 0 0
31919871 0 0 0 0 0
43828830 0 0 0 0 0
64794624 0 0 0 0 0
11417472 0 0 0 0 0
80881993 0 0 0 0 0
42663018 0 0 0 0 0
70629008 0 0 0 0 0
25689835 0 0 0 0 0
32223503 0 0 0 0 0
20083325 0 0 0 0 0
16425798 0 0 0 0 0
10227792 0 0 0 0 0
76457913 0 0 0 0 0
36780977 0 0 0 0 0
11549474 0 0 0 0 0
41993349 0 0 0 0 0
88971854 0 0 0 0 0
63647412 0 0 0 0 0
00730586 0 0 0 0 0
66673770 0 0 0 0 0
14993062 0 0 0 0 0
87815024 0 0 0 0 0
02695973 0 0 0 0 0
85387530 0 0 0 0 0
89339677 0 0 0 0 0
58786047 0 0 0 0 0
44642271 0 0 0 0 0
86289980 0 0 0 0 0
11278652 0 0 0 0 0
48606815 0 0 0 0 0
49628807 0 0 0 0 0
87100287 0 0 0 0 0
68648386 0 0 0 0 0
40032773 0 0 0 0 0
01482725 0 0 0 0 0
21957121 0 0 0 0 0
23912563 0 0 0 0 0
74181225 0 0 0 0 0
81859165 0 0 0 0 0
21555518 0 0 0 0 0
60445050 0 0 0 0 0
61580308 0 0 0 0 0
25869667 0 0 0 0 0
71477775 0 0 0 0 0
82755437 0 0 0 0 0
32261144 0 0 0 0 0
69380819 0 0 0 0 0
44418389 0 0 0 0 0
21121546 0 0 0 0 0
06276868 0 0 0 0 0
60377794 0 0 0 0 0
23090154 0 0 0 0 0
39135018 0 0 0 0 0
33652724 0 0 0 0 0
24458168 0 0 0 0 0
19452086 0 0 0 0 0
15685277 0 0 0 0 0
52051484 0 0 0 0 0
80381554 0 0 0 0 0
88237889 0 0 0 0 0
26271689 0 0 0 0 0
78108736 0 0 0 0 0
50441642 0 0 0 0 0
72140079 0 0 0 0 0
46122873 0 0 0 0 0
88061283 0 0 0 0 0
84007458 0 0 0 0 0
22345048 0 0 0 0 0
33910023 0 0 0 0 0
00616793 0 0 0 0 0
04790146 0 0 0 0 0
18567284 0 0 0 0 0
27623145 0 0 0 0 0
27080648 0 0 0 0 0
33963654 0 0 0 0 0
68555646 0 0 0 0 0
37944932 0 0 0 0 0
40746636 0 0 0 0 0
36829696 0 0 0 0 0
29716467 0 0 0 0 0
65971543 0 0 0 0 0
29103183 0 0 0 0 0
01948962 0 0 0 0 0
67808806 0 0 0 0 0
39061746 0 0 0 0 0
28207538 0 0 0 0 0
00631673 0 0 0 0 0
38499332 0 0 0 0 0
32864619 0 0 0 0 0
29329121 0 0 0 0 0
46418377 0 0 0 0 0
02741566 0 0 0 0 0
44942774 0 0 0 0 0
59826463 0 0 0 0 0
68971909 0 0 0 0 0
13810499 0 0 0 0 0
31338533 0 0 0 0 0
19988800 0 0 0 0 0
26200135 0 0 0 0 0
85509529 0 0 0 0 0
25143604 0 0 0 0 0
39449317 0 0 0 0 0
77733191 0 0 0 0 0
28854321 0 0 0 0 0
18806232 0 0 0 0 0
60971919 0 0 0 0 0
32594770 0 0 0 0 0
55446244 0 0 0 0 0
21239423 0 0 0 0 0
29396806 0 0 0 0 0
41253742 0 0 0 0 0
81400929 0 0 0 0 0
17731330 0 0 0 0 0
61760840 0 0 0 0 0
19203960 0 0 0 0 0
79855830 0 0 0 0 0
05125973 0 0 0 0 0
88671005 0 0 0 0 0
65279676 0 0 0 0 0
55416177 0 0 0 0 0
57937747 0 0 0 0 0
53691144 0 0 0 0 0
40355351 0 0 0 0 0
57804901 0 0 0 0 0
03299001 0 0 0 0 0
53014678 0 0 0 0 0
10049823 0 0 0 0 0
58258616 0 0 0 0 0
51839222 0 0 0 0 0
33697256 0 0 0 0 0
61937639 0 0 0 0 0
82568706 0 0 0 0 0
72537228 0 0 0 0 0
86051256 0 0 0 0 0
02885473 0 0 0 0 0
51680700 0 0 0 0 0
43101140 0 0 0 0 0
73486093 0 0 0 0 0
12900928 0 0 0 0 0
12455325 0 0 0 0 0
46254936 0 0 0 0 0
68971816 0 0 0 0 0
80094787 0 0 0 0 0
58853524 0 0 0 0 0
62260910 0 0 0 0 0
83442228 0 0 0 0 0
49566023 0 0 0 0 0
72651267 0 0 0 0 0
59295091 0 0 0 0 0
57654367 0 0 0 0 0
69056319 0 0 0 0 0
45287927 0 0 0 0 0
68632127 0 0 0 0 0
22372402 0 0 0 0 0
68712687 0 0 0 0 0
46510146 0 0 0 0 0
43913137 0 0 0 0 0
41193053 0 0 0 0 0
02999590 0 0 0 0 0
01025635 0 0 0 0 0
77813784 0 0 0 0 0
36709931 0 0 0 0 0
58123212 0 0 0 0 0
35461955 0 0 0 0 0
88093186 0 0 0 0 0
12151927 0 0 0 0 0
51601237 0 0 0 0 0
47217263 0 0 0 0 0
70159545 0 0 0 0 0
86764938 0 0 0 0 0
69493260 0 0 0 0 0
69322910 0 0 0 0 0
32540265 0 0 0 0 0
72632758 0 0 0 0 0
60014335 0 0 0 0 0
49586690 0 0 0 0 0
60917351 0 0 0 0 0
70337171 0 0 0 0 0
31562038 0 0 0 0 0
68702463 0 0 0 0 0
23093079 0 0 0 0 0
74357458 0 0 0 0 0
20814001 0 0 0 0 0
02584328 0 0 0 0 0
53063685 0 0 0 0 0
28568982 0 0 0 0 0
45466428 0 0 0 0 0
07323733 0 0 0 0 0
88560453 0 0 0 0 0
76850495 0 0 0 0 0
89819592 0 0 0 0 0
89656295 0 0 0 0 0
76403195 0 0 0 0 0
68336943 0 0 0 0 0
31050318 0 0 0 0 0
75569534 0 0 0 0 0
26576704 0 0 0 0 0
83837633 0 0 0 0 0
81234604 0 0 0 0 0
33756383 0 0 0 0 0
61855759 0 0 0 0 0
80713334 0 0 0 0 0
17139903 0 0 0 0 0
37546502 0 0 0 0 0
72996520 0 0 0 0 0
01628517 0 0 0 0 0
40012096 0 0 0 0 0
36144533 0 0 0 0 0
61839129 0 0 0 0 0
65855716 0 0 0 0 0
82133860 0 0 0 0 0
64340978 0 0 0 0 0
47472075 0 0 0 0 0
28510977 0 0 0 0 0
46226485 0 0 0 0 0
05147003 0 0 0 0 0
01387152 0 0 0 0 0
70785367 0 0 0 0 0
75021157 0 0 0 0 0
50577397 0 0 0 0 0
26849032 0 0 0 0 0
06729051 0 0 0 0 0
03355303 0 0 0 0 0
68842480 0 0 0 0 0
62828582 0 0 0 0 0
08522539 0 0 0 0 0
42789293 0 0 0 0 0
64545205 0 0 0 0 0
40922128 0 0 0 0 0
38398354 0 0 0 0 0
58402267 0 0 0 0 0
33074485 0 0 0 0 0
75944827 0 0 0 0 0
63988750 0 0 0 0 0
26530086 0 0 0 0 0
01626479 0 0 0 0 0
24282112 0 0 0 0 0
82070340 0 0 0 0 0
17805486 0 0 0 0 0
84126459 0 0 0 0 0
38722261 0 0 0 0 0
65202587 0 0 0 0 0
22413088 0 0 0 0 0
16105577 0 0 0 0 0
08377990 0 0 0 0 0
05530241 0 0 0 0 0
16877255 0 0 0 0 0
38855616 0 0 0 0 0
75791382 0 0 0 0 0
51747994 0 0 0 0 0
38891766 0 0 0 0 0
13730856 0 0 0 0 0
81778622 0 0 0 0 0
65154231 0 0 0 0 0
11247241 0 0 0 0 0
70538009 0 0 0 0 0
89511330 0 0 0 0 0
87223269 0 0 0 0 0
05597038 0 0 0 0 0
15793777 0 0 0 0 0
48257339 0 0 0 0 0
85138369 0 0 0 0 0
21148454 0 0 0 0 0
18198886 0 0 0 0 0
08667724 0 0 0 0 0
04945314 0 0 0 0 0
34667477 0 0 0 0 0
76663845 0 0 0 0 0
05077945 0 0 0 0 0
23100368 0 0 0 0 0
13713698 0 0 0 0 0
15712810 0 0 0 0 0
25090208 0 0 0 0 0
15308665 0 0 0 0 0
71012705 0 0 0 0 0
84097573 0 0 0 0 0
12695089 0 0 0 0 0
51413579 0 0 0 0 0
01730407 0 0 0 0 0
74764665 0 0 0 0 0
57282578 0 0 0 0 0
34696494 0 0 0 0 0
57971508 0 0 0 0 0
56389362 0 0 0 0 0
03043118 0 0 0 0 0
87467925 0 0 0 0 0
11078365 0 0 0 0 0
54112852 0 0 0 0 0
75907045 0 0 0 0 0
68000273 0 0 0 0 0
01870255 0 0 0 0 0
12579307 0 0 0 0 0
04762579 0 0 0 0 0
57748314 0 0 0 0 0
25941410 0 0 0 0 0
78730288 0 0 0 0 0
63317081 0 0 0 0 0
78760109 0 0 0 0 0
04496412 0 0 0 0 0
38573818 0 0 0 0 0
08388947 0 0 0 0 0
80616472 0 0 0 0 0
72638838 0 0 0 0 0
66233846 0 0 0 0 0
74970732 0 0 0 0 0
01746567 0 0 0 0 0
62053453 0 0 0 0 0
07695854 0 0 0 0 0
81669970 0 0 0 0 0
83618978 0 0 0 0 0
03681296 0 0 0 0 0
74820062 0 0 0 0 0
28737439 0 0 0 0 0
76302146 0 0 0 0 0
78107453 0 0 0 0 0
30964375 0 0 0 0 0
71652621 0 0 0 0 0
66002488 0 0 0 0 0
21307860 0 0 0 0 0
68720795 0 0 0 0 0
81027362 0 0 0 0 0
80539760 0 0 0 0 0
86526605 0 0 0 0 0
38635192 0 0 0 0 0
78073016 0 0 0 0 0
86933293 0 0 0 0 0
70268367 0 0 0 0 0
19356703 0 0 0 0 0
22817107 0 0 0 0 0
26229445 0 0 0 0 0
13380781 0 0 0 0 0
54746995 0 0 0 0 0
10932879 0 0 0 0 0
24614773 0 0 0 0 0
32949172 0 0 0 0 0
34699527 0 0 0 0 0
00603661 0 0 0 0 0
15722243 0 0 0 0 0
37974399 0 0 0 0 0
38565707 0 0 0 0 0
02977746 0 0 0 0 0
62483323 0 0 0 0 0
11602526 0 0 0 0 0
13444112 0 0 0 0 0
17916896 0 0 0 0 0
12223182 0 0 0 0 0
70368861 0 0 0 0 0
57713262 0 0 0 0 0
67833882 0 0 0 0 0
43623776 0 0 0 0 0
02106950 0 0 0 0 0
54368687 0 0 0 0 0
20306869 0 0 0 0 0
64641066 0 0 0 0 0
43120248 0 0 0 0 0
29755156 0 0 0 0 0
66033397 0 0 0 0 0
62743562 0 0 0 0 0
04284339 0 0 0 0 0
32891522 0 0 0 0 0
60354612 0 0 0 0 0
39904026 0 0 0 0 0
13839221 0 0 0 0 0
87695050 0 0 0 0 0
33133714 0 0 0 0 0
09095534 0 0 0 0 0
82264562 0 0 0 0 0
87820634 0 0 0 0 0
26673301 0 0 0 0 0
32009371 0 0 0 0 0
26964765 0 0 0 0 0
06429760 0 0 0 0 0
06721399 0 0 0 0 0
85363151 0 0 0 0 0
42040187 0 0 0 0 0
74004249 0 0 0 0 0
00021050 0 0 0 0 0
22115157 0 0 0 0 0
46782579 0 0 0 0 0
41345549 0 0 0 0 0
71703832 0 0 0 0 0
31015282 0 0 0 0 0
28067894 0 0 0 0 0
49273781 0 0 0 0 0
69556129 0 0 0 0 0
75304686 0 0 0 0 0
46847613 0 0 0 0 0
80747382 0 0 0 0 0
42034980 0 0 0 0 0
58026114 0 0 0 0 0
20218043 0 0 0 0 0
18723137 0 0 0 0 0
00574013 0 0 0 0 0
69728356 0 0 0 0 0
80658512 0 0 0 0 0
82927577 0 0 0 0 0
16823844 0 0 0 0 0
45351325 0 0 0 0 0
75516691 0 0 0 0 0
01088240 0 0 0 0 0
54007039 0 0 0 0 0
83225684 0 0 0 0 0
12588515 0 0 0 0 0
04132002 0 0 0 0 0
32332743 0 0 0 0 0
75108061 0 0 0 0 0
89291482 0 0 0 0 0
79086179 0 0 0 0 0
75018745 0 0 0 0 0
59558180 0 0 0 0 0
31372355 0 0 0 0 0
52179152 0 0 0 0 0
82010971 0 0 0 0 0
12266039 0 0 0 0 0
68057156 0 0 0 0 0
79005425 0 0 0 0 0
81530019 0 0 0 0 0
01821190 0 0 0 0 0
89958421 0 0 0 0 0
69173835 0 0 0 0 0
65538239 0 0 0 0 0
39249925 0 0 0 0 0
08012136 0 0 0 0 0
28027042 0 0 0 0 0
26643793 0 0 0 0 0
49580707 0 0 0 0 0
68310218 0 0 0 0 0
60606775 0 0 0 0 0
26175418 0 0 0 0 0
54408268 0 0 0 0 0
82501944 0 0 0 0 0
81129604 0 0 0 0 0
55322058 0 0 0 0 0
70734072 0 0 0 0 0
80041706 0 0 0 0 0
37560450 0 0 0 0 0
33660146 0 0 0 0 0
01739300 0 0 0 0 0
03247284 0 0 0 0 0
51957135 0 0 0 0 0
14065309 0 0 0 0 0
03771768 0 0 0 0 0
47910124 0 0 0 0 0
47263191 0 0 0 0 0
32647293 0 0 0 0 0
71427015 0 0 0 0 0
43472579 0 0 0 0 0
74118869 0 0 0 0 0
16356147 0 0 0 0 0
48145771 0 0 0 0 0
42022870 0 0 0 0 0
52175584 0 0 0 0 0
29130495 0 0 0 0 0
17729556 0 0 0 0 0
37401265 0 0 0 0 0
55739557 0 0 0 0 0
11633614 0 0 0 0 0
69773448 0 0 0 0 0
14563001 0 0 0 0 0
36502826 0 0 0 0 0
55952772 0 0 0 0 0
15885372 0 0 0 0 0
24922029 0 0 0 0 0
49940659 0 0 0 0 0
36533221 0 0 0 0 0
07538966 0 0 0 0 0
50599987 0 0 0 0 0
75333864 0 0 0 0 0
24719021 0 0 0 0 0
40312074 0 0 0 0 0
55217040 0 0 0 0 0
59561807 0 0 0 0 0
33714875 0 0 0 0 0
81549778 0 0 0 0 0
85082109 0 0 0 0 0
03076511 0 0 0 0 0
04031765 0 0 0 0 0
78806313 0 0 0 0 0
20691478 0 0 0 0 0
86550503 0 0 0 0 0
86484345 0 0 0 0 0
58775685 0 0 0 0 0
80697363 0 0 0 0 0
10358882 0 0 0 0 0
55326711 0 0 0 0 0
43536043 0 0 0 0 0
81737855 0 0 0 0 0
10010039 0 0 0 0 0
69422175 0 0 0 0 0
29320923 0 0 0 0 0
39156902 0 0 0 0 0
40562993 0 0 0 0 0
53347774 0 0 0 0 0
03211854 0 0 0 0 0
47316301 0 0 0 0 0
24988386 0 0 0 0 0
71182705 0 0 0 0 0
46453123 0 0 0 0 0
49204791 0 0 0 0 0
73710906 0 0 0 0 0
51673000 0 0 0 0 0
70661134 0 0 0 0 0
79306765 0 0 0 0 0
18850399 0 0 0 0 0
34312030 0 0 0 0 0
56250159 0 0 0 0 0
57063096 0 0 0 0 0
52544033 0 0 0 0 0
34583060 0 0 0 0 0
56146048 0 0 0 0 0
55546192 0 0 0 0 0
65572463 0 0 0 0 0
02886613 0 0 0 0 0
63532879 0 0 0 0 0
75985721 0 0 0 0 0
44765864 0 0 0 0 0
16157483 0 0 0 0 0
53376357 0 0 0 0 0
20356538 0 0 0 0 0
74220981 0 0 0 0 0
58675359 0 0 0 0 0
72532490 0 0 0 0 0
66802806 0 0 0 0 0
35895663 0 0 0 0 0
11527182 0 0 0 0 0
66243006 0 0 0 0 0
27495140 0 0 0 0 0
76013937 0 0 0 0 0
40160484 0 0 0 0 0
17970361 0 0 0 0 0
08913622 0 0 0 0 0
02396515 0 0 0 0 0
07935033 0 0 0 0 0
08432808 0 0 0 0 0
60183404 0 0 0 0 0
70063444 0 0 0 0 0
70372459 0 0 0 0 0
44249811 0 0 0 0 0
46704752 0 0 0 0 0
04377603 0 0 0 0 0
56810754 0 0 0 0 0
31636843 0 0 0 0 0
46809180 0 0 0 0 0
86976936 0 0 0 0 0
48372633 0 0 0 0 0
87229440 0 0 0 0 0
20577878 0 0 0 0 0
82198279 0 0 0 0 0
00537520 0 0 0 0 0
88176018 0 0 0 0 0
88738666 0 0 0 0 0
47918859 0 0 0 0 0
41293743 0 0 0 0 0
43915224 0 0 0 0 0
31087514 0 0 0 0 0
65672227 0 0 0 0 0
79010173 0 0 0 0 0
16317944 0 0 0 0 0
21192000 0 0 0 0 0
38167956 0 0 0 0 0
81406322 0 0 0 0 0
51367498 0 0 0 0 0
01977325 0 0 0 0 0
75592403 0 0 0 0 0
89974818 0 0 0 0 0
12390389 0 0 0 0 0
00990981 0 0 0 0 0
62039592 0 0 0 0 0
70370127 0 0 0 0 0
89267699 0 0 0 0 0
70651164 0 0 0 0 0
52115921 0 0 0 0 0
58546514 0 0 0 0 0
72405508 0 0 0 0 0
50677696 0 0 0 0 0
81461802 0 0 0 0 0
56509958 0 0 0 0 0
52132660 0 0 0 0 0
64985460 0 0 0 0 0
12105999 0 0 0 0 0
13437303 0 0 0 0 0
14368954 0 0 0 0 0
77457790 0 0 0 0 0
74272165 0 0 0 0 0
50758797 0 0 0 0 0
80096615 0 0 0 0 0
15764822 0 0 0 0 0
41774370 0 0 0 0 0
43132179 0 0 0 0 0
51260529 0 0 0 0 0
40592009 0 0 0 0 0
38344810 0 0 0 0 0
38892178 0 0 0 0 0
88164473 0 0 0 0 0
40672198 0 0 0 0 0
06234041 0 0 0 0 0
29207175 0 0 0 0 0
39347958 0 0 0 0 0
55338038 0 0 0 0 0
58927832 0 0 0 0 0
35430694 0 0 0 0 0
14868017 0 0 0 0 0
76065540 0 0 0 0 0
87172473 0 0 0 0 0
60092751 0 0 0 0 0
47339388 0 0 0 0 0
87302373 0 0 0 0 0
18090583 0 0 0 0 0
74410724 0 0 0 0 0
75355869 0 0 0 0 0
75991572 0 0 0 0 0
31270790 0 0 0 0 0
37346596 0 0 0 0 0
39339974 0 0 0 0 0
76477291 0 0 0 0 0
22612165 0 0 0 0 0
01691714 0 0 0 0 0
08065263 0 0 0 0 0
45325591 0 0 0 0 0
57207810 0 0 0 0 0
41171030 0 0 0 0 0
06911500 0 0 0 0 0
46557808 0 0 0 0 0
66876857 0 0 0 0 0
14594618 0 0 0 0 0
30323701 0 0 0 0 0
25599895 0 0 0 0 0
47829926 0 0 0 0 0
85476630 0 0 0 0 0
32423858 0 0 0 0 0
26027515 0 0 0 0 0
10877814 0 0 0 0 0
06568816 0 0 0 0 0
43097888 0 0 0 0 0
14192861 0 0 0 0 0
36941171 0 0 0 0 0
16101216 0 0 0 0 0
76468268 0 0 0 0 0
01759424 0 0 0 0 0
75447016 0 0 0 0 0
79177017 0 0 0 0 0
35790729 0 0 0 0 0
25379086 0 0 0 0 0
46759355 0 0 0 0 0
85115882 0 0 0 0 0
61706075 0 0 0 0 0
64407225 0 0 0 0 0
72462406 0 0 0 0 0
80256020 0 0 0 0 0
36697344 0 0 0 0 0
03545543 0 0 0 0 0
39306656 0 0 0 0 0
35403718 0 0 0 0 0
89449758 0 0 0 0 0
16414071 0 0 0 0 0
56835322 0 0 0 0 0
11018245 0 0 0 0 0
57046324 0 0 0 0 0
20450492 0 0 0 0 0
54613062 0 0 0 0 0
83528121 0 0 0 0 0
48168554 0 0 0 0 0
00650199 0 0 0 0 0
59374164 0 0 0 0 0
16898164 0 0 0 0 0
56388314 0 0 0 0 0
61402831 0 0 0 0 0
73541223 0 0 0 0 0
41335491 0 0 0 0 0
18548543 0 0 0 0 0
01715382 0 0 0 0 0
85202135 0 0 0 0 0
70131802 0 0 0 0 0
33853450 0 0 0 0 0
21158860 0 0 0 0 0
25127086 0 0 0 0 0
43651948 0 0 0 0 0
84035590 0 0 0 0 0
52931176 0 0 0 0 0
04384229 0 0 0 0 0
32659304 0 0 0 0 0
24233844 0 0 0 0 0
51557733 0 0 0 0 0
35531005 0 0 0 0 0
52284935 0 0 0 0 0
31720439 0 0 0 0 0
23726735 0 0 0 0 0
79564724 0 0 0 0 0
46850314 0 0 0 0 0
50609491 0 0 0 0 0
77953392 0 0 0 0 0
55909193 0 0 0 0 0
49294252 0 0 0 0 0
11861013 0 0 0 0 0
61404154 0 0 0 0 0
31096514 0 0 0 0 0
59311147 0 0 0 0 0
44494097 0 0 0 0 0
47130881 0 0 0 0 0
13800433 0 0 0 0 0
17711272 0 0 0 0 0
61478407 0 0 0 0 0
28048305 0 0 0 0 0
22154142 0 0 0 0 0
85687377 0 0 0 0 0
00444692 0 0 0 0 0
57785480 0 0 0 0 0
36986339 0 0 0 0 0
18718367 0 0 0 0 0
71485362 0 0 0 0 0
84873436 0 0 0 0 0
54915125 0 0 0 0 0
35510121 0 0 0 0 0
35912475 0 0 0 0 0
78638968 0 0 0 0 0
39334518 0 0 0 0 0
60621991 0 0 0 0 0
72070524 0 0 0 0 0
74748015 0 0 0 0 0
32489504 0 0 0 0 0
26608146 0 0 0 0 0
35971260 0 0 0 0 0
29738161 0 0 0 0 0
38888345 0 0 0 0 0
20336830 0 0 0 0 0
06047881 0 0 0 0 0
50404510 0 0 0 0 0
18174581 0 0 0 0 0
50508066 0 0 0 0 0
82479618 0 0 0 0 0
79758985 0 0 0 0 0
22363486 0 0 0 0 0
26332741 0 0 0 0 0
79182126 0 0 0 0 0
10502350 0 0 0 0 0
88341387 0 0 0 0 0
32587303 0 0 0 0 0
82304273 0 0 0 0 0
46555594 0 0 0 0 0
55985213 0 0 0 0 0
49604460 0 0 0 0 0
49945905 0 0 0 0 0
84622061 0 0 0 0 0
75948226 0 0 0 0 0
70929106 0 0 0 0 0
54769109 0 0 0 0 0
72263476 0 0 0 0 0
05753775 0 0 0 0 0
14772488 0 0 0 0 0
45261893 0 0 0 0 0
50052739 0 0 0 0 0
82860602 0 0 0 0 0
22989634 0 0 0 0 0
70105185 0 0 0 0 0
60391814 0 0 0 0 0
31399264 0 0 0 0 0
05287206 0 0 0 0 0
35988339 0 0 0 0 0
55577455 0 0 0 0 0
78525168 0 0 0 0 0
76700701 0 0 0 0 0
63932267 0 0 0 0 0
64235940 0 0 0 0 0
06634658 0 0 0 0 0
48997320 0 0 0 0 0
23283285 0 0 0 0 0
53701453 0 0 0 0 0
05172074 0 0 0 0 0
42267988 0 0 0 0 0
85507820 0 0 0 0 0
19384348 0 0 0 0 0
31557451 0 0 0 0 0
50380086 0 0 0 0 0
54259020 0 0 0 0 0
14456593 0 0 0 0 0
41437865 0 0 0 0 0
84159404 0 0 0 0 0
67388974 0 0 0 0 0
76627181 0 0 0 0 0
41797518 0 0 0 0 0
55469212 0 0 0 0 0
73591108 0 0 0 0 0
15780734 0 0 0 0 0
70821399 0 0 0 0 0
05813387 0 0 0 0 0
88688041 0 0 0 0 0
40490189 0 0 0 0 0
80621819 0 0 0 0 0
52681655 0 0 0 0 0
87390040 0 0 0 0 0
31049768 0 0 0 0 0
85668807 0 0 0 0 0
63284236 0 0 0 0 0
52304819 0 0 0 0 0
33502104 0 0 0 0 0
01490698 0 0 0 0 0
20791517 0 0 0 0 0
64638604 0 0 0 0 0
78752410 0 0 0 0 0
84839008 0 0 0 0 0
47799218 0 0 0 0 0
69997129 0 0 0 0 0
53552873 0 0 0 0 0
52425744 0 0 0 0 0
41205898 0 0 0 0 0
57025140 0 0 0 0 0
40780029 0 0 0 0 0
54224517 0 0 0 0 0
61015079 0 0 0 0 0
33052200 0 0 0 0 0
79032096 0 0 0 0 0
00219405 0 0 0 0 0
11961319 0 0 0 0 0
58313925 0 0 0 0 0
45627084 0 0 0 0 0
28097009 0 0 0 0 0
19105171 0 0 0 0 0
41123554 0 0 0 0 0
32966810 0 0 0 0 0
70503336 0 0 0 0 0
59628149 0 0 0 0 0
53646770 0 0 0 0 0
49157307 0 0 0 0 0
48364626 0 0 0 0 0
26706844 0 0 0 0 0
71755243 0 0 0 0 0
22055168 0 0 0 0 0
18905746 0 0 0 0 0
07818772 0 0 0 0 0
66285574 0 0 0 0 0
27409617 0 0 0 0 0
64021698 0 0 0 0 0
87997966 0 0 0 0 0
40372903 0 0 0 0 0
24271945 0 0 0 0 0
54805298 0 0 0 0 0
56706603 0 0 0 0 0
69667673 0 0 0 0 0
23036946 0 0 0 0 0
27673099 0 0 0 0 0
44781000 0 0 0 0 0
89130204 0 0 0 0 0
14043005 0 0 0 0 0
43620251 0 0 0 0 0
05067074 0 0 0 0 0
73194634 0 0 0 0 0
37998498 0 0 0 0 0
15594142 0 0 0 0 0
49323063 0 0 0 0 0
63568005 0 0 0 0 0
00879160 0 0 0 0 0
28048120 0 0 0 0 0
27601774 0 0 0 0 0
34035130 0 0 0 0 0
25702919 0 0 0 0 0
36608899 0 0 0 0 0
05628500 0 0 0 0 0
21134820 0 0 0 0 0
10166583 0 0 0 0 0
18446670 0 0 0 0 0
47637485 0 0 0 0 0
59354629 0 0 0 0 0
64977183 0 0 0 0 0
38036590 0 0 0 0 0
52457770 0 0 0 0 0
71328016 0 0 0 0 0
87685548 0 0 0 0 0
19965221 0 0 0 0 0
16711691 0 0 0 0 0
15720721 0 0 0 0 0
28815073 0 0 0 0 0
14051375 0 0 0 0 0
52351074 0 0 0 0 0
20191280 0 0 0 0 0
58377637 0 0 0 0 0
54617616 0 0 0 0 0
27995197 0 0 0 0 0
27261678 0 0 0 0 0
68698669 0 0 0 0 0
60522537 0 0 0 0 0
70229380 0 0 0 0 0
23174110 0 0 0 0 0
51616657 0 0 0 0 0
68270323 0 0 0 0 0
69289865 0 0 0 0 0
71352805 0 0 0 0 0
02221258 0 0 0 0 0
13451296 0 0 0 0 0
26780131 0 0 0 0 0
15189902 0 0 0 0 0
11682402 0 0 0 0 0
01797253 0 0 0 0 0
47581713 0 0 0 0 0
77931991 0 0 0 0 0
50158004 0 0 0 0 0
21495929 0 0 0 0 0
87910076 0 0 0 0 0
45346478 0 0 0 0 0
02385150 0 0 0 0 0
18740371 0 0 0 0 0
23518205 0 0 0 0 0
73394189 0 0 0 0 0
47114136 0 0 0 0 0
57314582 0 0 0 0 0
76400474 0 0 0 0 0
65128081 0 0 0 0 0
36808586 0 0 0 0 0
13430901 0 0 0 0 0
05264512 0 0 0 0 0
74124000 0 0 0 0 0
68995710 0 0 0 0 0
60709546 0 0 0 0 0
39125099 0 0 0 0 0
55853770 0 0 0 0 0
37676152 0 0 0 0 0
08633339 0 0 0 0 0
53214253 0 0 0 0 0
23807028 0 0 0 0 0
53939839 0 0 0 0 0
86148708 0 0 0 0 0
20454708 0 0 0 0 0
43853749 0 0 0 0 0
76931663 0 0 0 0 0
41777611 0 0 0 0 0
64817259 0 0 0 0 0
43245998 0 0 0 0 0
88244602 0 0 0 0 0
58471468 0 0 0 0 0
09193697 0 0 0 0 0
75894227 0 0 0 0 0
28240336 0 0 0 0 0
29079910 0 0 0 0 0
40210999 0 0 0 0 0
67072272 0 0 0 0 0
39021373 0 0 0 0 0
35251015 0 0 0 0 0
20532617 0 0 0 0 0
84267827 0 0 0 0 0
47222820 0 0 0 0 0
03427739 0 0 0 0 0
22228529 0 0 0 0 0
39305100 0 0 0 0 0
86043325 0 0 0 0 0
75797756 0 0 0 0 0
67401841 0 0 0 0 0
29917554 0 0 0 0 0
48228418 0 0 0 0 0
02190038 0 0 0 0 0
85468681 0 0 0 0 0
30969451 0 0 0 0 0
61781896 0 0 0 0 0
32438575 0 0 0 0 0
50513199 0 0 0 0 0
01874563 0 0 0 0 0
59175124 0 0 0 0 0
37369202 0 0 0 0 0
46192742 0 0 0 0 0
64832741 0 0 0 0 0
05336826 0 0 0 0 0
82697710 0 0 0 0 0
36198872 0 0 0 0 0
77918903 0 0 0 0 0
25381888 0 0 0 0 0
75842538 0 0 0 0 0
64283422 0 0 0 0 0
23970438 0 0 0 0 0
81799708 0 0 0 0 0
89276494 0 0 0 0 0
79834413 0 0 0 0 0
27470615 0 0 0 0 0
63945350 0 0 0 0 0
25994741 0 0 0 0 0
38853861 0 0 0 0 0
45128639 0 0 0 0 0
89292703 0 0 0 0 0
85779892 0 0 0 0 0
24676879 0 0 0 0 0
03652922 0 0 0 0 0
22673270 0 0 0 0 0
55208286 0 0 0 0 0
34338422 0 0 0 0 0
26484083 0 0 0 0 0
83428692 0 0 0 0 0
32755466 0 0 0 0 0
63484499 0 0 0 0 0
54784416 0 0 0 0 0
49062819 0 0 0 0 0
42689641 0 0 0 0 0
27398566 0 0 0 0 0
69424257 0 0 0 0 0
17479793 0 0 0 0 0
30209204 0 0 0 0 0
17059412 0 0 0 0 0
24824848 0 0 0 0 0
39198029 0 0 0 0 0
03899828 0 0 0 0 0
34876265 0 0 0 0 0
29185963 0 0 0 0 0
82554517 0 0 0 0 0
67577007 0 0 0 0 0
65437830 0 0 0 0 0
47403478 0 0 0 0 0
50115933 0 0 0 0 0
77773161 0 0 0 0 0
15177764 0 0 0 0 0
12877569 0 0 0 0 0
69280244 0 0 0 0 0
38809532 0 0 0 0 0
57538391 0 0 0 0 0
59315536 0 0 0 0 0
56022178 0 0 0 0 0
08008390 0 0 0 0 0
07060368 0 0 0 0 0
06653885 0 0 0 0 0
52423793 0 0 0 0 0
67061508 0 0 0 0 0
05059811 0 0 0 0 0
13832525 0 0 0 0 0
11582127 0 0 0 0 0
04679023 0 0 0 0 0
06512086 0 0 0 0 0
02096081 0 0 0 0 0
79763393 0 0 0 0 0
20396267 0 0 0 0 0
82236312 0 0 0 0 0
39517570 0 0 0 0 0
48089811 0 0 0 0 0
80589587 0 0 0 0 0
80687569 0 0 0 0 0
85259156 0 0 0 0 0
13978841 0 0 0 0 0
76563772 0 0 0 0 0
65656195 0 0 0 0 0
30926097 0 0 0 0 0
82935258 0 0 0 0 0
17408378 0 0 0 0 0
75905196 0 0 0 0 0
30605751 0 0 0 0 0
81804960 0 0 0 0 0
29950890 0 0 0 0 0
05313173 0 0 0 0 0
88327207 0 0 0 0 0
30102768 0 0 0 0 0
12492949 0 0 0 0 0
82233452 0 0 0 0 0
05801522 0 0 0 0 0
65878381 0 0 0 0 0
41511458 0 0 0 0 0
30288869 0 0 0 0 0
27775116 0 0 0 0 0
61084112 0 0 0 0 0
60510324 0 0 0 0 0
29690875 0 0 0 0 0
82664612 0 0 0 0 0
44213825 0 0 0 0 0
44106917 0 0 0 0 0
28813931 0 0 0 0 0
40035853 0 0 0 0 0
77611877 0 0 0 0 0
04458592 0 0 0 0 0
67259893 0 0 0 0 0
38071268 0 0 0 0 0
85428266 0 0 0 0 0
16077966 0 0 0 0 0
29402015 0 0 0 0 0
35377423 0 0 0 0 0
64127017 0 0 0 0 0
64696884 0 0 0 0 0
73377761 0 0 0 0 0
83481125 0 0 0 0 0
13941376 0 0 0 0 0
85268052 0 0 0 0 0
63799024 0 0 0 0 0
71148283 0 0 0 0 0
15619602 0 0 0 0 0
48381350 0 0 0 0 0
01138333 0 0 0 0 0
32802135 0 0 0 0 0
60577334 0 0 0 0 0
72874489 0 0 0 0 0
02222422 0 0 0 0 0
52933356 0 0 0 0 0
72364431 0 0 0 0 0
33919445 0 0 0 0 0
05740800 0 0 0 0 0
19031220 0 0 0 0 0
25869848 0 0 0 0 0
73142924 0 0 0 0 0
83018702 0 0 0 0 0
47127564 0 0 0 0 0
54875860 0 0 0 0 0
07965170 0 0 0 0 0
54233493 0 0 0 0 0
84680568 0 0 0 0 0
17271832 0 0 0 0 0
58651052 0 0 0 0 0
84174983 0 0 0 0 0
75752456 0 0 0 0 0
14536783 0 0 0 0 0
63299715 0 0 0 0 0
61036101 0 0 0 0 0
46250277 0 0 0 0 0
12485162 0 0 0 0 0
22566582 0 0 0 0 0
74761569 0 0 0 0 0
43900558 0 0 0 0 0
75489894 0 0 0 0 0
47131712 0 0 0 0 0
11244631 0 0 0 0 0
18174447 0 0 0 0 0
51491271 0 0 0 0 0
39246615 0 0 0 0 0
77515745 0 0 0 0 0
11027137 0 0 0 0 0
41193369 0 0 0 0 0
03244226 0 0 0 0 0
51879571 0 0 0 0 0
82993615 0 0 0 0 0
35107276 0 0 0 0 0
59416673 0 0 0 0 0
58407537 0 0 0 0 0
37055262 0 0 0 0 0
42089559 0 0 0 0 0
21698517 0 0 0 0 0
56905697 0 0 0 0 0
27961528 0 0 0 0 0
51971255 0 0 0 0 0
68012673 0 0 0 0 0
42844999 0 0 0 0 0
23570016 0 0 0 0 0
79738104 0 0 0 0 0
27093887 0 0 0 0 0
11059887 0 0 0 0 0
39566288 0 0 0 0 0
79453425 0 0 0 0 0
40482901 0 0 0 0 0
64275082 0 0 0 0 0
54264728 0 0 0 0 0
48530330 0 0 0 0 0
21472843 0 0 0 0 0
00122208 0 0 0 0 0
78288730 0 0 0 0 0
80897221 0 0 0 0 0
19509051 0 0 0 0 0
79563508 0 0 0 0 0
80730192 0 0 0 0 0
27833477 0 0 0 0 0
25737231 0 0 0 0 0
57155735 0 0 0 0 0
57116134 0 0 0 0 0
14056838 0 0 0 0 0
35373462 0 0 0 0 0
26125611 0 0 0 0 0
14639469 0 0 0 0 0
28918836 0 0 0 0 0
33472058 0 0 0 0 0
22326750 0 0 0 0 0
76177202 0 0 0 0 0
82855526 0 0 0 0 0
64870917 0 0 0 0 0
53272331 0 0 0 0 0
16898109 0 0 0 0 0
04992836 0 0 0 0 0
78273780 0 0 0 0 0
46545355 0 0 0 0 0
00595479 0 0 0 0 0
79992382 0 0 0 0 0
51163521 0 0 0 0 0
84806814 0 0 0 0 0
03221089 0 0 0 0 0
75259321 0 0 0 0 0
14272826 0 0 0 0 0
89766319 0 0 0 0 0
59051458 0 0 0 0 0
23580437 0 0 0 0 0
57375021 0 0 0 0 0
73779549 0 0 0 0 0
75857212 0 0 0 0 0
44843905 0 0 0 0 0
11261155 0 0 0 0 0
42341920 0 0 0 0 0
24285437 0 0 0 0 0
02538210 0 0 0 0 0
10011656 0 0 0 0 0
21027163 0 0 0 0 0
07087414 0 0 0 0 0
56085765 0 0 0 0 0
12904394 0 0 0 0 0
74935995 0 0 0 0 0
04549336 0 0 0 0 0
79563038 0 0 0 0 0
38881042 0 0 0 0 0
84700769 0 0 0 0 0
00168625 0 0 0 0 0
44995865 0 0 0 0 0
86018181 0 0 0 0 0
49714899 0 0 0 0 0
76212513 0 0 0 0 0
14419099 0 0 0 0 0
55423054 0 0 0 0 0
87141197 0 0 0 0 0
23623866 0 0 0 0 0
79948521 0 0 0 0 0
25459898 0 0 0 0 0
87556754 0 0 0 0 0
83851302 0 0 0 0 0
05449421 0 0 0 0 0
38301020 0 0 0 0 0
41546885 0 0 0 0 0
31269615 0 0 0 0 0
55870656 0 0 0 0 0
86681285 0 0 0 0 0
71216782 0 0 0 0 0
75764439 0 0 0 0 0
44985878 0 0 0 0 0
36142252 0 0 0 0 0
07603724 0 0 0 0 0
58477781 0 0 0 0 0
77296447 0 0 0 0 0
47603634 0 0 0 0 0
25730325 0 0 0 0 0
89193810 0 0 0 0 0
36086675 0 0 0 0 0
70600637 0 0 0 0 0
81036475 0 0 0 0 0
79848257 0 0 0 0 0
43286356 0 0 0 0 0
42841326 0 0 0 0 0
59188402 0 0 0 0 0
71008666 0 0 0 0 0
45304411 0 0 0 0 0
68729151 0 0 0 0 0
26929338 0 0 0 0 0
86810088 0 0 0 0 0
67363264 0 0 0 0 0
25150910 0 0 0 0 0
05742555 0 0 0 0 0
55080035 0 0 0 0 0
78539658 0 0 0 0 0
29752341 0 0 0 0 0
01289711 0 0 0 0 0
83728783 0 0 0 0 0
36509838 0 0 0 0 0
75359019 0 0 0 0 0
05915932 0 0 0 0 0
87410814 0 0 0 0 0
27829019 0 0 0 0 0
73365636 0 0 0 0 0
47928321 0 0 0 0 0
42870460 0 0 0 0 0
62501376 0 0 0 0 0
40331122 0 0 0 0 0
05020345 0 0 0 0 0
85487465 0 0 0 0 0
82880242 0 0 0 0 0
14600507 0 0 0 0 0
21778382 0 0 0 0 0
01818821 0 0 0 0 0
20654586 0 0 0 0 0
73826275 0 0 0 0 0
45466464 0 0 0 0 0
68335724 0 0 0 0 0
09951666 0 0 0 0 0
16927085 0 0 0 0 0
26896791 0 0 0 0 0
75621266 0 0 0 0 0
46077757 0 0 0 0 0
10711202 0 0 0 0 0
88675879 0 0 0 0 0
77285135 0 0 0 0 0
67933197 0 0 0 0 0
41653756 0 0 0 0 0
08108856 0 0 0 0 0
40653817 0 0 0 0 0
88949364 0 0 0 0 0
69023192 0 0 0 0 0
87408090 0 0 0 0 0
79890945 0 0 0 0 0
15785296 0 0 0 0 0
33926303 0 0 0 0 0
83025465 0 0 0 0 0
42970817 0 0 0 0 0
84856816 0 0 0 0 0
12501497 0 0 0 0 0
63382458 0 0 0 0 0
42781122 0 0 0 0 0
80022937 0 0 0 0 0
84896522 0 0 0 0 0
52979768 0 0 0 0 0
54062966 0 0 0 0 0
55442747 0 0 0 0 0
70274021 0 0 0 0 0
16482822 0 0 0 0 0
41838164 0 0 0 0 0
50021781 0 0 0 0 0
05166528 0 0 0 0 0
12601306 0 0 0 0 0
51967727 0 0 0 0 0
12594675 0 0 0 0 0
24607624 0 0 0 0 0
88838941 0 0 0 0 0
49089621 0 0 0 0 0
09487599 0 0 0 0 0
48162401 0 0 0 0 0
78211670 0 0 0 0 0
26144228 0 0 0 0 0
05605098 0 0 0 0 0
88441168 0 0 0 0 0
07575299 0 0 0 0 0
46677132 0 0 0 0 0
37681144 0 0 0 0 0
00813433 0 0 0 0 0
05735674 0 0 0 0 0
29978177 0 0 0 0 0
17574293 0 0 0 0 0
83497493 0 0 0 0 0
75139241 0 0 0 0 0
59220850 0 0 0 0 0
39392725 0 0 0 0 0
31955988 0 0 0 0 0
76074695 0 0 0 0 0
11539075 0 0 0 0 0
38490476 0 0 0 0 0
41493050 0 0 0 0 0
77602068 0 0 0 0 0
13501990 0 0 0 0 0
12367604 0 0 0 0 0
67952328 0 0 0 0 0
77266624 0 0 0 0 0
77901940 0 0 0 0 0
17472918 0 0 0 0 0
36810356 0 0 0 0 0
00035768 0 0 0 0 0
61604489 0 0 0 0 0
20730993 0 0 0 0 0
26111857 0 0 0 0 0
51967598 0 0 0 0 0
52960028 0 0 0 0 0
53213633 0 0 0 0 0
67997363 0 0 0 0 0
85457766 0 0 0 0 0
36150444 0 0 0 0 0
41098558 0 0 0 0 0
27648547 0 0 0 0 0
17682168 0 0 0 0 0
07615972 0 0 0 0 0
38105468 0 0 0 0 0
75906035 0 0 0 0 0
18749461 0 0 0 0 0
50201883 0 0 0 0 0
52390116 0 0 0 0 0
65153726 0 0 0 0 0
17415888 0 0 0 0 0
36867887 0 0 0 0 0
17969785 0 0 0 0 0
62819666 0 0 0 0 0
38384483 0 0 0 0 0
53110773 0 0 0 0 0
40825682 0 0 0 0 0
45508400 0 0 0 0 0
27766464 0 0 0 0 0
69271516 0 0 0 0 0
65603260 0 0 0 0 0
03034661 0 0 0 0 0
16645169 0 0 0 0 0
07535336 0 0 0 0 0
26481128 0 0 0 0 0
16352285 0 0 0 0 0
81622891 0 0 0 0 0
88532860 0 0 0 0 0
45031371 0 0 0 0 0
85180809 0 0 0 0 0
63630109 0 0 0 0 0
41311552 0 0 0 0 0
39898993 0 0 0 0 0
17695807 0 0 0 0 0
52649202 0 0 0 0 0
09425310 0 0 0 0 0
65638212 0 0 0 0 0
59502688 0 0 0 0 0
63508657 0 0 0 0 0
81087266 0 0 0 0 0
43013785 0 0 0 0 0
26005478 0 0 0 0 0
78295345 0 0 0 0 0
66670271 0 0 0 0 0
43881570 0 0 0 0 0
71863716 0 0 0 0 0
61993891 0 0 0 0 0
22431321 0 0 0 0 0
55425580 0 0 0 0 0
65767841 0 0 0 0 0
60041790 0 0 0 0 0
13316329 0 0 0 0 0
03241182 0 0 0 0 0
00673511 0 0 0 0 0
71990322 0 0 0 0 0
87612982 0 0 0 0 0
42838721 0 0 0 0 0
27276085 0 0 0 0 0
11806392 0 0 0 0 0
33801486 0 0 0 0 0
33711628 0 0 0 0 0
54728059 0 0 0 0 0
74648016 0 0 0 0 0
46016415 0 0 0 0 0
56283783 0 0 0 0 0
12617464 0 0 0 0 0
87297391 0 0 0 0 0
10685065 0 0 0 0 0
47334432 0 0 0 0 0
67830954 0 0 0 0 0
07138164 0 0 0 0 0
74602690 0 0 0 0 0
59601419 0 0 0 0 0
24295112 0 0 0 0 0
01068087 0 0 0 0 0
53938756 0 0 0 0 0
11896030 0 0 0 0 0
67463465 0 0 0 0 0
85743668 0 0 0 0 0
38427629 0 0 0 0 0
59010541 0 0 0 0 0
28973634 0 0 0 0 0
35896316 0 0 0 0 0
42323900 0 0 0 0 0
83189697 0 0 0 0 0
47779470 0 0 0 0 0
59908731 0 0 0 0 0
87586557 0 0 0 0 0
31860970 0 0 0 0 0
10246435 0 0 0 0 0
14571500 0 0 0 0 0
02508485 0 0 0 0 0
02831490 0 0 0 0 0
79283978 0 0 0 0 0
28347322 0 0 0 0 0
12425866 0 0 0 0 0
12159917 0 0 0 0 0
36809953 0 0 0 0 0
79344572 0 0 0 0 0
16621552 0 0 0 0 0
21709375 0 0 0 0 0
88064286 0 0 0 0 0
88469683 0 0 0 0 0
12461108 0 0 0 0 0
60256246 0 0 0 0 0
33936668 0 0 0 0 0
34445661 0 0 0 0 0
54460889 0 0 0 0 0
32471508 0 0 0 0 0
62298313 0 0 0 0 0
71703789 0 0 0 0 0
61057999 0 0 0 0 0
61661340 0 0 0 0 0
02944341 0 0 0 0 0
71947322 0 0 0 0 0
56171006 0 0 0 0 0
13794116 0 0 0 0 0
06857242 0 0 0 0 0
43426385 0 0 0 0 0
55228800 0 0 0 0 0
44098599 0 0 0 0 0
73742286 0 0 0 0 0
70050835 0 0 0 0 0
01353976 0 0 0 0 0
65150571 0 0 0 0 0
70332682 0 0 0 0 0
73681454 0 0 0 0 0
45300388 0 0 0 0 0
51187933 0 0 0 0 0
47861611 0 0 0 0 0
03652551 0 0 0 0 0
04741443 0 0 0 0 0
47366074 0 0 0 0 0
54545624 0 0 0 0 0
32344868 0 0 0 0 0
38215158 0 0 0 0 0
03424080 0 0 0 0 0
59929949 0 0 0 0 0
27542800 0 0 0 0 0
43283418 0 0 0 0 0
59234109 0 0 0 0 0
68608177 0 0 0 0 0
15507915 0 0 0 0 0
70821440 0 0 0 0 0
77769617 0 0 0 0 0
88868559 0 0 0 0 0
19358401 0 0 0 0 0
65144717 0 0 0 0 0
04214084 0 0 0 0 0
66542177 0 0 0 0 0
84686402 0 0 0 0 0
41394306 0 0 0 0 0
07473153 0 0 0 0 0
86220691 0 0 0 0 0
71080287 0 0 0 0 0
75249848 0 0 0 0 0
01610266 0 0 0 0 0
56469560 0 0 0 0 0
36439463 0 0 0 0 0
14652745 0 0 0 0 0
76960302 0 0 0 0 0
11914954 0 0 0 0 0
57531516 0 0 0 0 0
26962519 0 0 0 0 0
33321748 0 0 0 0 0
67795865 0 0 0 0 0
21404502 0 0 0 0 0
72837364 0 0 0 0 0
15223141 0 0 0 0 0
12172828 0 0 0 0 0
87881329 0 0 0 0 0
22760851 0 0 0 0 0
71849675 0 0 0 0 0
72575643 0 0 0 0 0
23612881 0 0 0 0 0
23550954 0 0 0 0 0
70023954 0 0 0 0 0
41268001 0 0 0 0 0
26263522 0 0 0 0 0
85102377 0 0 0 0 0
70730306 0 0 0 0 0
70239979 0 0 0 0 0
40945003 0 0 0 0 0
01364603 0 0 0 0 0
11249815 0 0 0 0 0
31670686 0 0 0 0 0
84092162 0 0 0 0 0
22169438 0 0 0 0 0
24732523 0 0 0 0 0
42840827 0 0 0 0 0
27928510 0 0 0 0 0
39446386 0 0 0 0 0
55865560 0 0 0 0 0
71777144 0 0 0 0 0
81836177 0 0 0 0 0
63470794 0 0 0 0 0
22461656 0 0 0 0 0
89815231 0 0 0 0 0
37147182 0 0 0 0 0
53795476 0 0 0 0 0
85937720 0 0 0 0 0
07207682 0 0 0 0 0
21052418 0 0 0 0 0
61635221 0 0 0 0 0
55892389 0 0 0 0 0
10148438 0 0 0 0 0
22155997 0 0 0 0 0
54159373 0 0 0 0 0
15233876 0 0 0 0 0
39687828 0 0 0 0 0
33607264 0 0 0 0 0
14672455 0 0 0 0 0
73026248 0 0 0 0 0
28753055 0 0 0 0 0
64578532 0 0 0 0 0
76242532 0 0 0 0 0
24579970 0 0 0 0 0
73485205 0 0 0 0 0
23560554 0 0 0 0 0
71069758 0 0 0 0 0
38200634 0 0 0 0 0
69910853 0 0 0 0 0
29549014 0 0 0 0 0
80676514 0 0 0 0 0
89317012 0 0 0 0 0
72308894 0 0 0 0 0
67913454 0 0 0 0 0
87403966 0 0 0 0 0
44943059 0 0 0 0 0
75281715 0 0 0 0 0
45381326 0 0 0 0 0
25724451 0 0 0 0 0
66944265 0 0 0 0 0
47948767 0 0 0 0 0
62280641 0 0 0 0 0
46045147 0 0 0 0 0
33418564 0 0 0 0 0
72563157 0 0 0 0 0
49533912 0 0 0 0 0
67477428 0 0 0 0 0
89717961 0 0 0 0 0
57614975 0 0 0 0 0
68242405 0 0 0 0 0
29230785 0 0 0 0 0
87959474 0 0 0 0 0
79421351 0 0 0 0 0
41659234 0 0 0 0 0
42753204 0 0 0 0 0
89154489 0 0 0 0 0
24660718 0 0 0 0 0
06421122 0 0 0 0 0
21903857 0 0 0 0 0
25087261 0 0 0 0 0
43053731 0 0 0 0 0
00175094 0 0 0 0 0
60164168 0 0 0 0 0
66498954 0 0 0 0 0
81909498 0 0 0 0 0
33851819 0 0 0 0 0
22392235 0 0 0 0 0
10655395 0 0 0 0 0
66168912 0 0 0 0 0
83861023 0 0 0 0 0
02033814 0 0 0 0 0
33952277 0 0 0 0 0
83174308 0 0 0 0 0
34612576 0 0 0 0 0
66876060 0 0 0 0 0
82273262 0 0 0 0 0
58467488 0 0 0 0 0
57150398 0 0 0 0 0
75929948 0 0 0 0 0
39610269 0 0 0 0 0
66490009 0 0 0 0 0
09357037 0 0 0 0 0
29213560 0 0 0 0 0
01261625 0 0 0 0 0
07732559 0 0 0 0 0
43826002 0 0 0 0 0
67966869 0 0 0 0 0
13002527 0 0 0 0 0
65486762 0 0 0 0 0
48456663 0 0 0 0 0
33880079 0 0 0 0 0
58283628 0 0 0 0 0
20707740 0 0 0 0 0
60288058 0 0 0 0 0
19818666 0 0 0 0 0
35966329 0 0 0 0 0
13241930 0 0 0 0 0
01949479 0 0 0 0 0
74666542 0 0 0 0 0
30973561 0 0 0 0 0
58008198 0 0 0 0 0
30868445 0 0 0 0 0
71940490 0 0 0 0 0
43885580 0 0 0 0 0
63282635 0 0 0 0 0
62900884 0 0 0 0 0
11437068 0 0 0 0 0
14702780 0 0 0 0 0
38155049 0 0 0 0 0
29304359 0 0 0 0 0
32079726 0 0 0 0 0
41362857 0 0 0 0 0
88891722 0 0 0 0 0
36907161 0 0 0 0 0
15475446 0 0 0 0 0
01143937 0 0 0 0 0
85532059 0 0 0 0 0
35619641 0 0 0 0 0
53129126 0 0 0 0 0
65892197 0 0 0 0 0
60128845 0 0 0 0 0
05905255 0 0 0 0 0
50207126 0 0 0 0 0
57751451 0 0 0 0 0
08648370 0 0 0 0 0
88593756 0 0 0 0 0
06676358 0 0 0 0 0
82100846 0 0 0 0 0
86020849 0 0 0 0 0
69156119 0 0 0 0 0
55216091 0 0 0 0 0
86741419 0 0 0 0 0
49492992 0 0 0 0 0
87322405 0 0 0 0 0
66879351 0 0 0 0 0
28030140 0 0 0 0 0
38512906 0 0 0 0 0
08324877 0 0 0 0 0
74104529 0 0 0 0 0
68331698 0 0 0 0 0
79338779 0 0 0 0 0
73331320 0 0 0 0 0
28124257 0 0 0 0 0
35244222 0 0 0 0 0
42425746 0 0 0 0 0
03091279 0 0 0 0 0
23604501 0 0 0 0 0
58740706 0 0 0 0 0
71112104 0 0 0 0 0
86641003 0 0 0 0 0
50712653 0 0 0 0 0
31392040 0 0 0 0 0
52383278 0 0 0 0 0
52702707 0 0 0 0 0
07525506 0 0 0 0 0
16887154 0 0 0 0 0
20123252 0 0 0 0 0
20399025 0 0 0 0 0
69800510 0 0 0 0 0
46575163 0 0 0 0 0
07661229 0 0 0 0 0
03180283 0 0 0 0 0
32043334 0 0 0 0 0
59835457 0 0 0 0 0
78260641 0 0 0 0 0
33746750 0 0 0 0 0
07948392 0 0 0 0 0
57495831 0 0 0 0 0
30850957 0 0 0 0 0
22946867 0 0 0 0 0
50451800 0 0 0 0 0
69260845 0 0 0 0 0
62146000 0 0 0 0 0
45144624 0 0 0 0 0
77379866 0 0 0 0 0
02324265 0 0 0 0 0
05107729 0 0 0 0 0
25705392 0 0 0 0 0
77809269 0 0 0 0 0
31239426 0 0 0 0 0
19595154 0 0 0 0 0
35113653 0 0 0 0 0
56814511 0 0 0 0 0
69905218 0 0 0 0 0
02692639 0 0 0 0 0
75435463 0 0 0 0 0
53884409 0 0 0 0 0
22146560 0 0 0 0 0
58411283 0 0 0 0 0
75628677 0 0 0 0 0
43514095 0 0 0 0 0
51407382 0 0 0 0 0
75270476 0 0 0 0 0
34794188 0 0 0 0 0
23292457 0 0 0 0 0
55232452 0 0 0 0 0
85454837 0 0 0 0 0
15871799 0 0 0 0 0
39768007 0 0 0 0 0
69626374 0 0 0 0 0
54527506 0 0 0 0 0
72706914 0 0 0 0 0
26399665 0 0 0 0 0
57194725 0 0 0 0 0
38212865 0 0 0 0 0
85375162 0 0 0 0 0
16953152 0 0 0 0 0
12383804 0 0 0 0 0
57430867 0 0 0 0 0
27986106 0 0 0 0 0
59652016 0 0 0 0 0
60088754 0 0 0 0 0
78432552 0 0 0 0 0
30157341 0 0 0 0 0
13635095 0 0 0 0 0
82421986 0 0 0 0 0
50081774 0 0 0 0 0
00821961 0 0 0 0 0
43379266 0 0 0 0 0
67837399 0 0 0 0 0
50861395 0 0 0 0 0
00602287 0 0 0 0 0
17587327 0 0 0 0 0
46787403 0 0 0 0 0
76458978 0 0 0 0 0
10400257 0 0 0 0 0
17237591 0 0 0 0 0
53521081 0 0 0 0 0
43300164 0 0 0 0 0
31478465 0 0 0 0 0
82039140 0 0 0 0 0
88472190 0 0 0 0 0
25834948 0 0 0 0 0
82229244 0 0 0 0 0
67067194 0 0 0 0 0
02196130 0 0 0 0 0
82934012 0 0 0 0 0
63714541 0 0 0 0 0
15582658 0 0 0 0 0
41736102 0 0 0 0 0
47573691 0 0 0 0 0
23655315 0 0 0 0 0
15577748 0 0 0 0 0
43426864 0 0 0 0 0
87603671 0 0 0 0 0
51084476 0 0 0 0 0
07798493 0 0 0 0 0
18830456 0 0 0 0 0
48820458 0 0 0 0 0
32497801 0 0 0 0 0
42185483 0 0 0 0 0
13324569 0 0 0 0 0
59641109 0 0 0 0 0
79113109 0 0 0 0 0
36135378 0 0 0 0 0
18209800 0 0 0 0 0
23886007 0 0 0 0 0
73992658 0 0 0 0 0
80377245 0 0 0 0 0
33531316 0 0 0 0 0
03171421 0 0 0 0 0
80827266 0 0 0 0 0
88208439 0 0 0 0 0
38951122 0 0 0 0 0
22580704 0 0 0 0 0
24744000 0 0 0 0 0
11101172 0 0 0 0 0
56797416 0 0 0 0 0
83306913 0 0 0 0 0
38083643 0 0 0 0 0
09286126 0 0 0 0 0
77233799 0 0 0 0 0
73076670 0 0 0 0 0
18727572 0 0 0 0 0
59366704 0 0 0 0 0
20593000 0 0 0 0 0
00440527 0 0 0 0 0
51003696 0 0 0 0 0
03684139 0 0 0 0 0
42031302 0 0 0 0 0
83732651 0 0 0 0 0
83035336 0 0 0 0 0
17507532 0 0 0 0 0
69234841 0 0 0 0 0
80377940 0 0 0 0 0
75747506 0 0 0 0 0
40864078 0 0 0 0 0
04911969 0 0 0 0 0
78677227 0 0 0 0 0
08679969 0 0 0 0 0
09085701 0 0 0 0 0
25995203 0 0 0 0 0
00666079 0 0 0 0 0
20672223 0 0 0 0 0
21269030 0 0 0 0 0
62235658 0 0 0 0 0
54583259 0 0 0 0 0
82669769 0 0 0 0 0
56884107 0 0 0 0 0
65255144 0 0 0 0 0
89481717 0 0 0 0 0
79080011 0 0 0 0 0
88201891 0 0 0 0 0
03611859 0 0 0 0 0
31157644 0 0 0 0 0
04905053 0 0 0 0 0
80323137 0 0 0 0 0
12054010 0 0 0 0 0
59325268 0 0 0 0 0
88518574 0 0 0 0 0
13596789 0 0 0 0 0
24889480 0 0 0 0 0
03233708 0 0 0 0 0
62455531 0 0 0 0 0
03064171 0 0 0 0 0
84243213 0 0 0 0 0
61597403 0 0 0 0 0
21529716 0 0 0 0 0
62069138 0 0 0 0 0
57788756 0 0 0 0 0
34916174 0 0 0 0 0
56125017 0 0 0 0 0
53257794 0 0 0 0 0
54569776 0 0 0 0 0
11894296 0 0 0 0 0
47885377 0 0 0 0 0
64618860 0 0 0 0 0
83661874 0 0 0 0 0
44624267 0 0 0 0 0
20401927 0 0 0 0 0
04466048 0 0 0 0 0
46201939 0 0 0 0 0
86978073 0 0 0 0 0
39415591 0 0 0 0 0
78892815 0 0 0 0 0
43648023 0 0 0 0 0
37612873 0 0 0 0 0
09886105 0 0 0 0 0
06592415 0 0 0 0 0
80167386 0 0 0 0 0
58344860 0 0 0 0 0
24341534 0 0 0 0 0
40879751 0 0 0 0 0
72234788 0 0 0 0 0
42135573 0 0 0 0 0
20179330 0 0 0 0 0
66865335 0 0 0 0 0
52126534 0 0 0 0 0
52285192 0 0 0 0 0
83081214 0 0 0 0 0
85333807 0 0 0 0 0
11083260 0 0 0 0 0
88699463 0 0 0 0 0
63364548 0 0 0 0 0
70159319 0 0 0 0 0
66237748 0 0 0 0 0
47288503 0 0 0 0 0
06851440 0 0 0 0 0
28477623 0 0 0 0 0
71369669 0 0 0 0 0
29181241 0 0 0 0 0
88977755 0 0 0 0 0
09593739 0 0 0 0 0
71898429 0 0 0 0 0
76573648 0 0 0 0 0
47015684 0 0 0 0 0
03811095 0 0 0 0 0
05192362 0 0 0 0 0
89863203 0 0 0 0 0
56835039 0 0 0 0 0
54610902 0 0 0 0 0
21781727 0 0 0 0 0
15781368 0 0 0 0 0
50048959 0 0 0 0 0
80727945 0 0 0 0 0
36048943 0 0 0 0 0
08636163 0 0 0 0 0
59916118 0 0 0 0 0
86972592 0 0 0 0 0
31739518 0 0 0 0 0
42569544 0 0 0 0 0
13966670 0 0 0 0 0
58384313 0 0 0 0 0
07265334 0 0 0 0 0
14347648 0 0 0 0 0
16151941 0 0 0 0 0
53224104 0 0 0 0 0
03856652 0 0 0 0 0
36743553 0 0 0 0 0
28669849 0 0 0 0 0
65118859 0 0 0 0 0
88706939 0 0 0 0 0
82692062 0 0 0 0 0
88095705 0 0 0 0 0
76816561 0 0 0 0 0
53857596 0 0 0 0 0
10623040 0 0 0 0 0
06131956 0 0 0 0 0
32162730 0 0 0 0 0
69328926 0 0 0 0 0
23379448 0 0 0 0 0
29997647 0 0 0 0 0
15008302 0 0 0 0 0
63566517 0 0 0 0 0
46497478 0 0 0 0 0
38396039 0 0 0 0 0
17049197 0 0 0 0 0
84978522 0 0 0 0 0
34898632 0 0 0 0 0
09181606 0 0 0 0 0
05115689 0 0 0 0 0
82284606 0 0 0 0 0
60084549 0 0 0 0 0
69681677 0 0 0 0 0
88656507 0 0 0 0 0
01836862 0 0 0 0 0
48080427 0 0 0 0 0
78083028 0 0 0 0 0
10847306 0 0 0 0 0
31350841 0 0 0 0 0
28593878 0 0 0 0 0
88017889 0 0 0 0 0
89154038 0 0 0 0 0
70614315 0 0 0 0 0
44326653 0 0 0 0 0
03674341 0 0 0 0 0
03822457 0 0 0 0 0
69810581 0 0 0 0 0
53203538 0 0 0 0 0
33625904 0 0 0 0 0
04262170 0 0 0 0 0
10507408 0 0 0 0 0
26012788 0 0 0 0 0
51254604 0 0 0 0 0
27797918 0 0 0 0 0
75571597 0 0 0 0 0
52476392 0 0 0 0 0
48666352 0 0 0 0 0
22717255 0 0 0 0 0
52121028 0 0 0 0 0
61603251 0 0 0 0 0
71127917 0 0 0 0 0
19617361 0 0 0 0 0
86404646 0 0 0 0 0
34165447 0 0 0 0 0
43758871 0 0 0 0 0
52047426 0 0 0 0 0
20404498 0 0 0 0 0
34625506 0 0 0 0 0
70328705 0 0 0 0 0
24339713 0 0 0 0 0
78782028 0 0 0 0 0
21051839 0 0 0 0 0
23061337 0 0 0 0 0
50776098 0 0 0 0 0
55255057 0 0 0 0 0
76028728 0 0 0 0 0
01287260 0 0 0 0 0
21943229 0 0 0 0 0
76977343 0 0 0 0 0
13237590 0 0 0 0 0
89372405 0 0 0 0 0
85457040 0 0 0 0 0
03810164 0 0 0 0 0
66724886 0 0 0 0 0
60023495 0 0 0 0 0
74838121 0 0 0 0 0
48177391 0 0 0 0 0
03618450 0 0 0 0 0
59744337 0 0 0 0 0
74791260 0 0 0 0 0
68252097 0 0 0 0 0
17598651 0 0 0 0 0
56115802 0 0 0 0 0
22829755 0 0 0 0 0
12953310 0 0 0 0 0
15322647 0 0 0 0 0
75267692 0 0 0 0 0
24035241 0 0 0 0 0
68157168 0 0 0 0 0
05785267 0 0 0 0 0
03282717 0 0 0 0 0
58039654 0 0 0 0 0
22400202 0 0 0 0 0
00142530 0 0 0 0 0
75596884 0 0 0 0 0
51744477 0 0 0 0 0
52083052 0 0 0 0 0
43319175 0 0 0 0 0
68632336 0 0 0 0 0
22797146 0 0 0 0 0
54293780 0 0 0 0 0
69755553 0 0 0 0 0
73686264 0 0 0 0 0
11988570 0 0 0 0 0
18327127 0 0 0 0 0
08162026 0 0 0 0 0
75453974 0 0 0 0 0
71366612 0 0 0 0 0
18297521 0 0 0 0 0
26198051 0 0 0 0 0
85386013 0 0 0 0 0
69421383 0 0 0 0 0
51691439 0 0 0 0 0
74706224 0 0 0 0 0
78515721 0 0 0 0 0
05252916 0 0 0 0 0
19163263 0 0 0 0 0
01679259 0 0 0 0 0
07924291 0 0 0 0 0
67574051 0 0 0 0 0
79708511 0 0 0 0 0
27827688 0 0 0 0 0
83494566 0 0 0 0 0
79543782 0 0 0 0 0
77484510 0 0 0 0 0
79770221 0 0 0 0 0
26723481 0 0 0 0 0
54431929 0 0 0 0 0
09541714 0 0 0 0 0
72758053 0 0 0 0 0
74111291 0 0 0 0 0
49986881 0 0 0 0 0
35243768 0 0 0 0 0
30858481 0 0 0 0 0
84988984 0 0 0 0 0
47460659 0 0 0 0 0
77382100 0 0 0 0 0
36700287 0 0 0 0 0
55982768 0 0 0 0 0
73141614 0 0 0 0 0
15343935 0 0 0 0 0
35642004 0 0 0 0 0
00568317 0 0 0 0 0
44105689 0 0 0 0 0
78510791 0 0 0 0 0
62181083 0 0 0 0 0
23804572 0 0 0 0 0
79526830 0 0 0 0 0
18358279 0 0 0 0 0
42360200 0 0 0 0 0
55754990 0 0 0 0 0
08090853 0 0 0 0 0
34049443 0 0 0 0 0
26260412 0 0 0 0 0
08264614 0 0 0 0 0
22268989 0 0 0 0 0
